>MKX MKX_motif1
0.31032 0.03727 0.00870 0.64371
0.62459 0.03056 0.25210 0.09276
0.37336 0.47029 0.07458 0.08176
0.42960 0.36285 0.10935 0.09819
0.45382 0.34284 0.09051 0.11284
0.25176 0.09439 0.63490 0.01895
0.77066 0.12429 0.06293 0.04212
0.25225 0.12671 0.45354 0.16750
0.01971 0.08194 0.68543 0.21292
0.03911 0.00568 0.05882 0.89640
0.34908 0.17988 0.06411 0.40693
0.23933 0.16625 0.49267 0.10175
0.26513 0.20005 0.17680 0.35802
0.32961 0.06276 0.42497 0.18267
0.32550 0.20726 0.30031 0.16693
0.17204 0.49088 0.32151 0.01557
0.03622 0.09595 0.40892 0.45891
0.15742 0.30411 0.19537 0.34309
0.15881 0.37688 0.18057 0.28374
0.12129 0.33531 0.33663 0.20677
0.04687 0.37767 0.25761 0.31785
0.10325 0.03109 0.44193 0.42373

>MKX MKX_motif2
0.44528 0.24157 0.17004 0.14311
0.38223 0.18173 0.21979 0.21625
0.08875 0.57360 0.01098 0.32667
0.18082 0.10325 0.11501 0.60093
0.04419 0.00932 0.69950 0.24699
0.16781 0.17342 0.40215 0.25662
0.31370 0.36356 0.28870 0.03404
0.46595 0.06030 0.39897 0.07478
0.10412 0.01442 0.11639 0.76506
0.14455 0.66516 0.15144 0.03885
0.24938 0.36226 0.07782 0.31055
0.00669 0.92427 0.06730 0.00173
0.14115 0.38812 0.30152 0.16921
0.10022 0.10756 0.22223 0.57000
0.16762 0.26196 0.32573 0.24469
0.05091 0.15725 0.63063 0.16121
0.20805 0.65908 0.04315 0.08972
0.18715 0.64749 0.08866 0.07671
0.15281 0.48535 0.34172 0.02013
0.14308 0.76708 0.05409 0.03574
0.39017 0.09744 0.33155 0.18084
0.10249 0.12955 0.05869 0.70927
0.09733 0.75703 0.10830 0.03734
0.18917 0.72675 0.00939 0.07469
0.01005 0.25460 0.45904 0.27631
0.08059 0.07227 0.01719 0.82995
0.21065 0.28007 0.21194 0.29735

>MKX MKX_motif3
0.53349 0.02043 0.07584 0.37024
0.55629 0.12439 0.03649 0.28283
0.40184 0.53137 0.03657 0.03023
0.25000 0.03265 0.61747 0.09988
0.12616 0.65549 0.01315 0.20519
0.25105 0.18214 0.00735 0.55946
0.87345 0.01234 0.10469 0.00952
0.09226 0.12358 0.40444 0.37972
0.24774 0.36425 0.25391 0.13410
0.03763 0.67059 0.26193 0.02985
0.17372 0.32960 0.45195 0.04473
0.44662 0.10508 0.32009 0.12821
0.25633 0.48484 0.04270 0.21613
0.08524 0.31603 0.16784 0.43089
0.20700 0.36568 0.14770 0.27962
0.73055 0.13290 0.11735 0.01919
0.34490 0.46803 0.10466 0.08241
0.61545 0.01079 0.25797 0.11579
0.06920 0.67213 0.00275 0.25592
0.42622 0.02486 0.23527 0.31365

>MKX MKX_motif4
0.13199 0.12858 0.05755 0.68189
0.40406 0.10799 0.46957 0.01838
0.02173 0.02777 0.29576 0.65473
0.09873 0.62514 0.11538 0.16075
0.77917 0.02224 0.02683 0.17175
0.25417 0.13986 0.52334 0.08262
0.11691 0.13754 0.73938 0.00617
0.32565 0.22406 0.12426 0.32603
0.05846 0.67328 0.13780 0.13046
0.06289 0.15774 0.62491 0.15446
0.14260 0.25430 0.15857 0.44453
0.21695 0.20972 0.56129 0.01204
0.25808 0.08767 0.20122 0.45304
0.06707 0.04614 0.10798 0.77881
0.41139 0.08897 0.18612 0.31353
0.00143 0.57184 0.19229 0.23445
0.65877 0.16562 0.13336 0.04225
0.14065 0.72580 0.08226 0.05129
0.18434 0.14341 0.37154 0.30070
0.25843 0.29407 0.15719 0.29031
0.42924 0.07112 0.41075 0.08889
0.13944 0.36322 0.32129 0.17605
0.08939 0.10580 0.09645 0.70835
0.30409 0.07225 0.29986 0.32380
0.29507 0.15890 0.37149 0.17454
0.58387 0.00732 0.27375 0.13505

>USF3 USF3_motif1
0.51738 0.28243 0.19037 0.00982
0.01937 0.11244 0.30564 0.56255
0.23435 0.51015 0.21715 0.03835
0.09904 0.33044 0.39386 0.17665
0.00031 0.07438 0.14546 0.77985
0.03910 0.38573 0.02198 0.55319
0.60405 0.22173 0.12955 0.04467
0.43444 0.00204 0.22724 0.33629
0.58478 0.02456 0.27593 0.11473
0.18539 0.24547 0.14705 0.42209
0.29487 0.34756 0.18459 0.17299
0.33453 0.54324 0.07625 0.04598
0.29434 0.10797 0.55147 0.04622
0.10862 0.47543 0.37827 0.03768

>USF3 USF3_motif2
0.38767 0.00754 0.47925 0.12554
0.05758 0.24818 0.59220 0.10203
0.29157 0.02636 0.51401 0.16806
0.12944 0.23664 0.29827 0.33566
0.46615 0.14951 0.10666 0.27768
0.16070 0.29529 0.38374 0.16027
0.42362 0.09173 0.44508 0.03957
0.09779 0.03546 0.82562 0.04114
0.55481 0.39661 0.00217 0.04642
0.02866 0.25790 0.42336 0.29008
0.05208 0.06903 0.25659 0.62230
0.47782 0.29753 0.11122 0.11343

>USF3 USF3_motif3
0.22622 0.38096 0.21289 0.17993
0.46068 0.33414 0.07429 0.13089
0.18023 0.51699 0.21061 0.09216
0.14035 0.47881 0.06632 0.31452
0.01925 0.41976 0.36706 0.19393
0.37270 0.34766 0.04919 0.23045
0.06064 0.05318 0.51186 0.37432
0.56504 0.09590 0.31279 0.02628
0.54989 0.15374 0.26118 0.03519
0.05126 0.71353 0.04858 0.18663
0.00837 0.71542 0.23565 0.04056
0.17362 0.00096 0.18618 0.63925
0.43903 0.20844 0.25154 0.10099
0.05453 0.73040 0.01186 0.20322
0.54042 0.13538 0.00117 0.32304
0.01760 0.41577 0.24902 0.31762
0.34407 0.13649 0.41569 0.10374
0.01167 0.06236 0.53756 0.38841
0.19672 0.12695 0.04880 0.62752
0.05516 0.79500 0.01296 0.13688
0.21775 0.48013 0.10156 0.20056
0.13247 0.13525 0.35844 0.37383
0.33648 0.41890 0.09871 0.14591

>USF3 USF3_motif4
0.70238 0.08732 0.05161 0.15869
0.05894 0.46094 0.39640 0.08372
0.05137 0.02784 0.66397 0.25682
0.52476 0.31619 0.02160 0.13746
0.24249 0.02269 0.51332 0.22150
0.02343 0.10100 0.34307 0.53250
0.20876 0.21689 0.45912 0.11523
0.28603 0.12338 0.12296 0.46763
0.31277 0.21047 0.30136 0.17541
0.61040 0.02227 0.19918 0.16815
0.36035 0.61991 0.01022 0.00953
0.07300 0.63646 0.09703 0.19350
0.30164 0.55705 0.04725 0.09406
0.18322 0.05709 0.54960 0.21009
0.44143 0.12985 0.07277 0.35594
0.38830 0.22919 0.08841 0.29410
0.23975 0.10825 0.00134 0.65067
0.11257 0.02031 0.61465 0.25246
0.05948 0.34861 0.52116 0.07076
0.22765 0.01309 0.63976 0.11950

>ZBED2 ZBED2_motif1
0.05887 0.28512 0.42710 0.22891
0.05148 0.13178 0.01944 0.79729
0.21560 0.56770 0.18188 0.03483
0.52162 0.28060 0.01820 0.17959
0.12061 0.47101 0.21256 0.19583
0.88876 0.04662 0.04290 0.02173
0.01763 0.19335 0.11737 0.67166
0.73650 0.01865 0.08393 0.16093
0.25221 0.16271 0.44577 0.13931
0.30185 0.51377 0.04061 0.14377
0.02523 0.46679 0.08032 0.42766
0.32412 0.13389 0.41742 0.12458
0.18588 0.69838 0.05976 0.05598
0.15860 0.24984 0.50630 0.08525
0.01878 0.17804 0.77818 0.02501
0.56732 0.02649 0.38263 0.02357
0.27720 0.08447 0.07650 0.56183
0.04939 0.44628 0.34801 0.15632
0.04484 0.42050 0.48925 0.04541
0.44304 0.41083 0.00418 0.14195
0.02506 0.10973 0.06825 0.79696
0.24165 0.43785 0.16214 0.15835
0.32582 0.01502 0.08264 0.57652

>ZBED2 ZBED2_motif2
0.23891 0.24925 0.23082 0.28102
0.21554 0.25787 0.01088 0.51571
0.07007 0.23820 0.00781 0.68392
0.43160 0.15355 0.35156 0.06329
0.28782 0.22430 0.44742 0.04046
0.36073 0.35320 0.27829 0.00778
0.08078 0.03985 0.45177 0.42761
0.04923 0.30722 0.63116 0.01239
0.03116 0.90449 0.04498 0.01937
0.28599 0.07856 0.01309 0.62237
0.62294 0.03160 0.19820 0.14726
0.08477 0.60029 0.27626 0.03868
0.00527 0.29163 0.19935 0.50375
0.28226 0.18917 0.28649 0.24208
0.40548 0.25302 0.12585 0.21564
0.11517 0.13390 0.36902 0.38191
0.05609 0.20476 0.47621 0.26294

>ZBED2 ZBED2_motif3
0.30398 0.15437 0.41520 0.12644
0.12456 0.64771 0.00613 0.22160
0.00831 0.63476 0.05309 0.30384
0.35916 0.09607 0.36337 0.18140
0.14081 0.17287 0.49048 0.19583
0.22273 0.23217 0.07507 0.47002
0.19749 0.10203 0.17829 0.52219
0.09763 0.20948 0.58710 0.10579
0.15222 0.00938 0.11761 0.72078
0.03223 0.65006 0.05233 0.26537
0.11926 0.01355 0.15493 0.71225
0.24767 0.45750 0.28558 0.00925
0.35343 0.16691 0.19396 0.28570
0.66335 0.02087 0.04402 0.27175
0.02498 0.41647 0.03162 0.52693
0.18809 0.08111 0.29615 0.43465
0.38729 0.13231 0.47208 0.00832
0.02449 0.41028 0.45031 0.11492
0.67408 0.07481 0.07735 0.17375
0.04435 0.41578 0.53591 0.00396
0.04379 0.04059 0.37542 0.54021
0.19195 0.00258 0.41693 0.38854
0.32161 0.28531 0.03580 0.35729
0.01369 0.58562 0.22941 0.17128
0.08416 0.10645 0.73817 0.07122
0.14873 0.39794 0.43011 0.02323
0.07612 0.22184 0.14822 0.55382

>ZBED2 ZBED2_motif4
0.35642 0.31420 0.31857 0.01081
0.10565 0.18084 0.39758 0.31592
0.38597 0.03573 0.22597 0.35233
0.06974 0.42857 0.05420 0.44749
0.11167 0.57596 0.30314 0.00923
0.29645 0.06550 0.07030 0.56776
0.14627 0.33203 0.39481 0.12689
0.08102 0.56556 0.25000 0.10342
0.55879 0.21114 0.13671 0.09336
0.02316 0.21702 0.53466 0.22516
0.55881 0.15226 0.08461 0.20432
0.29910 0.00799 0.65416 0.03875
0.80692 0.11618 0.05080 0.02610

>FIZ1 FIZ1_motif1
0.03507 0.17727 0.48010 0.30756
0.32915 0.13176 0.31698 0.22211
0.13821 0.46632 0.19211 0.20336
0.20326 0.05327 0.36049 0.38298
0.71358 0.02236 0.23949 0.02457
0.04221 0.27742 0.59236 0.08801
0.16496 0.63305 0.08856 0.11342
0.36520 0.01737 0.38870 0.22873
0.45112 0.15869 0.18052 0.20967
0.25169 0.15492 0.16663 0.42677
0.48549 0.06243 0.28285 0.16922
0.25041 0.13983 0.49298 0.11678
0.14064 0.32334 0.27442 0.26160
0.07313 0.05994 0.36439 0.50254

>FIZ1 FIZ1_motif2
0.37968 0.38259 0.12758 0.11014
0.05330 0.04228 0.26928 0.63514
0.23457 0.04682 0.01866 0.69995
0.65640 0.15499 0.02650 0.16211
0.09161 0.04505 0.84360 0.01974
0.26689 0.16543 0.38797 0.17971
0.33535 0.32591 0.08744 0.25130
0.12108 0.12741 0.36250 0.38902
0.07244 0.05359 0.06607 0.80791
0.65589 0.06956 0.27039 0.00415
0.02273 0.55832 0.31194 0.10701

>FIZ1 FIZ1_motif3
0.29874 0.06701 0.42097 0.21328
0.62707 0.05430 0.13692 0.18171
0.04088 0.17682 0.10729 0.67501
0.03507 0.07683 0.41923 0.46886
0.12827 0.38090 0.18638 0.30444
0.02901 0.58104 0.32970 0.06025
0.03070 0.78377 0.04350 0.14202
0.45160 0.16687 0.00687 0.37466
0.28442 0.36748 0.25150 0.09660

>FIZ1 FIZ1_motif4
0.09479 0.34431 0.34129 0.21961
0.15042 0.19229 0.28012 0.37716
0.68690 0.08565 0.10300 0.12446
0.02289 0.18041 0.44133 0.35537
0.63317 0.07322 0.23666 0.05695
0.28973 0.27505 0.01150 0.42372
0.86234 0.00922 0.07616 0.05229
0.40393 0.10171 0.45504 0.03932
0.21758 0.08806 0.54377 0.15059
0.21237 0.10962 0.64582 0.03219
0.38443 0.15023 0.45333 0.01201
0.30172 0.04017 0.64863 0.00949
0.30861 0.34752 0.09910 0.24477
0.57091 0.13418 0.17470 0.12021
0.31791 0.51103 0.09468 0.07638
0.33423 0.29766 0.01085 0.35725
0.08287 0.20657 0.58421 0.12635
0.13136 0.10964 0.33793 0.42107
0.04546 0.01661 0.44744 0.49050
0.56977 0.20215 0.17721 0.05086
0.12672 0.07312 0.47770 0.32246
0.07422 0.25685 0.52258 0.14635
0.12486 0.06576 0.67538 0.13400
0.02331 0.59591 0.37065 0.01013

>ZNF395 ZNF395_motif1
0.01502 0.27399 0.23643 0.47456
0.18313 0.29778 0.03638 0.48272
0.47005 0.04727 0.06191 0.42077
0.13981 0.06097 0.32756 0.47166
0.58404 0.16092 0.09226 0.16279
0.23877 0.33950 0.10766 0.31407
0.28601 0.29167 0.40757 0.01474
0.49755 0.15636 0.07902 0.26707
0.71974 0.13686 0.09832 0.04508
0.12382 0.04363 0.69265 0.13990
0.56534 0.16747 0.18558 0.08160
0.08732 0.23089 0.13908 0.54270
0.09785 0.79880 0.07750 0.02584
0.31075 0.08941 0.14892 0.45091
0.21171 0.24260 0.23803 0.30766
0.09846 0.28880 0.10550 0.50724
0.55159 0.32595 0.07625 0.04621
0.07971 0.60895 0.04958 0.26176
0.82456 0.03124 0.02361 0.12059
0.03250 0.62690 0.23875 0.10184
0.29236 0.39430 0.29817 0.01517
0.01105 0.57691 0.29427 0.11777
0.27059 0.22453 0.03277 0.47211
0.02702 0.11739 0.66919 0.18639
0.60917 0.22630 0.08805 0.07648
0.11181 0.24880 0.00683 0.63256
0.06802 0.35071 0.14286 0.43841

>ZNF395 ZNF395_motif2
0.20620 0.43231 0.04848 0.31301
0.46561 0.17087 0.04388 0.31965
0.33069 0.05460 0.50215 0.11256
0.23970 0.20102 0.35628 0.20300
0.51908 0.21317 0.08474 0.18300
0.17647 0.12025 0.42389 0.27938
0.60330 0.30509 0.05447 0.03714
0.11896 0.02042 0.50911 0.35151
0.31698 0.44336 0.05635 0.18331
0.26334 0.16094 0.06088 0.51485
0.05727 0.42229 0.45249 0.06794
0.13449 0.51499 0.02542 0.32510
0.45010 0.16828 0.05564 0.32599

>ZNF395 ZNF395_motif3
0.16462 0.29456 0.02160 0.51921
0.13147 0.13931 0.41343 0.31580
0.61676 0.04873 0.01534 0.31917
0.16399 0.16350 0.19604 0.47647
0.13569 0.01519 0.15105 0.69808
0.11441 0.09231 0.70161 0.09167
0.41418 0.50839 0.01380 0.06363
0.05191 0.39718 0.28958 0.26133
0.50849 0.26248 0.19082 0.03821
0.18692 0.29394 0.14198 0.37716
0.17161 0.22282 0.55978 0.04578
0.13025 0.35391 0.41016 0.10569
0.35209 0.24741 0.29472 0.10578
0.30748 0.36630 0.31190 0.01432
0.27830 0.10833 0.47861 0.13476
0.10795 0.34387 0.08475 0.46342
0.06336 0.60463 0.07319 0.25882
0.34179 0.11016 0.37773 0.17032
0.18785 0.20012 0.19360 0.41844
0.29854 0.28510 0.39859 0.01776
0.10501 0.25454 0.40746 0.23299
0.04754 0.55108 0.26532 0.13606
0.23828 0.56864 0.07273 0.12035
0.14021 0.63459 0.11674 0.10846
0.14252 0.42334 0.26311 0.17103
0.01539 0.01803 0.38785 0.57872

>ZNF395 ZNF395_motif4
0.69638 0.00216 0.00145 0.30001
0.41783 0.29581 0.21596 0.07040
0.07887 0.42092 0.16629 0.33392
0.38132 0.00099 0.06206 0.55562
0.30722 0.08285 0.37234 0.23759
0.33653 0.41819 0.00267 0.24262
0.16031 0.03337 0.06286 0.74346
0.05374 0.56424 0.00072 0.38130
0.22159 0.40930 0.27491 0.09420
0.05419 0.08924 0.46671 0.38987
0.35571 0.56206 0.06817 0.01407
0.13117 0.40972 0.02890 0.43021
0.04355 0.27523 0.17420 0.50702
0.18110 0.16590 0.57618 0.07682
0.54665 0.01359 0.04884 0.39092
0.29994 0.04967 0.38464 0.26576
0.06381 0.27262 0.51031 0.15326

>PRDM13 PRDM13_motif1
0.28399 0.43128 0.24548 0.03925
0.12175 0.18352 0.04311 0.65162
0.14184 0.13291 0.43454 0.29071
0.02908 0.55784 0.25437 0.15872
0.13094 0.69874 0.00838 0.16193
0.02893 0.66986 0.16477 0.13643
0.04082 0.48032 0.11633 0.36253
0.20228 0.51026 0.01856 0.26890
0.50438 0.43863 0.04822 0.00877
0.09977 0.29420 0.57211 0.03392
0.33932 0.27300 0.00038 0.38730
0.04525 0.52442 0.04489 0.38544
0.01417 0.54054 0.15184 0.29345
0.02078 0.41003 0.44046 0.12873
0.43944 0.02412 0.41343 0.12301
0.34501 0.59612 0.01467 0.04420

>PRDM13 PRDM13_motif2
0.62382 0.27134 0.08802 0.01682
0.08210 0.45323 0.06837 0.39630
0.15633 0.14809 0.49466 0.20093
0.40698 0.36872 0.20927 0.01503
0.67445 0.30141 0.02352 0.00062
0.05735 0.84590 0.08581 0.01094
0.10750 0.33583 0.12228 0.43439
0.10128 0.40124 0.29282 0.20466
0.45699 0.26641 0.25011 0.02649
0.44673 0.22763 0.06759 0.25805
0.14144 0.24212 0.35392 0.26252
0.16352 0.16780 0.52748 0.14120
0.66349 0.11430 0.00687 0.21534
0.63952 0.17672 0.12201 0.06175
0.03732 0.13356 0.61684 0.21227
0.07679 0.58260 0.21521 0.12539
0.24413 0.00707 0.12601 0.62279
0.04904 0.15475 0.43210 0.36411
0.03494 0.02970 0.68159 0.25376
0.72908 0.02570 0.19941 0.04580
0.17218 0.21127 0.56231 0.05423
0.09263 0.16885 0.38207 0.35645
0.49088 0.10605 0.29505 0.10802

>PRDM13 PRDM13_motif3
0.20876 0.42131 0.23487 0.13506
0.07832 0.10142 0.18196 0.63831
0.66463 0.24228 0.00404 0.08906
0.15196 0.18541 0.30575 0.35687
0.41319 0.20034 0.33188 0.05460
0.10414 0.21209 0.44596 0.23782
0.03257 0.41455 0.17508 0.37779
0.16451 0.09098 0.12751 0.61700
0.32332 0.08827 0.42077 0.16765
0.19443 0.27860 0.01048 0.51649
0.24448 0.39294 0.07505 0.28753

>PRDM13 PRDM13_motif4
0.07380 0.57052 0.06402 0.29167
0.10101 0.04279 0.47704 0.37917
0.13562 0.65136 0.13585 0.07716
0.07396 0.13711 0.22222 0.56671
0.19953 0.43346 0.34708 0.01993
0.23647 0.01862 0.41469 0.33022
0.18477 0.16761 0.24278 0.40484
0.34571 0.27610 0.25437 0.12382
0.05677 0.64157 0.27195 0.02971
0.02330 0.19018 0.42666 0.35986
0.03611 0.52809 0.27703 0.15877
0.09226 0.37141 0.35318 0.18316
0.03690 0.28585 0.17827 0.49898
0.92517 0.04754 0.00376 0.02354

>ZNF251 ZNF251_motif1
0.32885 0.10689 0.25778 0.30649
0.20990 0.53550 0.22034 0.03427
0.24517 0.31654 0.35026 0.08803
0.37026 0.53760 0.08294 0.00921
0.00897 0.19308 0.13087 0.66708
0.06837 0.63404 0.07577 0.22182
0.24401 0.00710 0.72515 0.02374
0.14239 0.09761 0.37093 0.38906
0.23518 0.18398 0.48736 0.09348
0.26221 0.55427 0.11204 0.07148

>ZNF251 ZNF251_motif2
0.66300 0.02400 0.27686 0.03613
0.11860 0.48485 0.14931 0.24724
0.20128 0.11561 0.06794 0.61517
0.32120 0.21124 0.38675 0.08081
0.05123 0.50591 0.30685 0.13601
0.05742 0.31224 0.33934 0.29100
0.45489 0.08805 0.25395 0.20310
0.32770 0.54860 0.05854 0.06516
0.34593 0.00130 0.13865 0.51412
0.33986 0.26105 0.30556 0.09353
0.17951 0.37065 0.24349 0.20635
0.17100 0.08671 0.26772 0.47457
0.11930 0.04965 0.45047 0.38058
0.00737 0.65701 0.03606 0.29955
0.05577 0.50133 0.14807 0.29483
0.13233 0.44291 0.14600 0.27876
0.61528 0.00988 0.35693 0.01791
0.35851 0.31275 0.31320 0.01555

>ZNF251 ZNF251_motif3
0.19705 0.18347 0.07481 0.54467
0.39338 0.57393 0.01289 0.01981
0.43187 0.46256 0.00215 0.10343
0.32730 0.14149 0.50663 0.02457
0.15354 0.32843 0.03883 0.47920
0.01130 0.42292 0.06508 0.50070
0.20347 0.01232 0.57831 0.20590
0.42805 0.13257 0.12837 0.31101
0.14081 0.14909 0.35402 0.35608
0.00736 0.02171 0.05417 0.91676
0.11211 0.09470 0.48033 0.31287
0.04143 0.22145 0.02606 0.71106
0.00070 0.04353 0.58110 0.37467
0.62591 0.29790 0.00477 0.07143
0.25640 0.22268 0.49640 0.02452
0.04473 0.15015 0.62385 0.18127
0.19532 0.08439 0.13293 0.58737
0.40242 0.08485 0.31510 0.19763
0.02673 0.36651 0.18743 0.41933

>ZNF251 ZNF251_motif4
0.01855 0.41984 0.38864 0.17297
0.20995 0.14561 0.36205 0.28240
0.06946 0.44853 0.33910 0.14292
0.40645 0.06985 0.03263 0.49107
0.60886 0.18969 0.00389 0.19757
0.08415 0.09106 0.53275 0.29203
0.47624 0.27085 0.04814 0.20477
0.82254 0.01006 0.11380 0.05359
0.02591 0.22752 0.50651 0.24006
0.06167 0.37799 0.09707 0.46328

>ZNF518B ZNF518B_motif1
0.74189 0.07590 0.03033 0.15188
0.32209 0.11443 0.26955 0.29393
0.11833 0.11717 0.25356 0.51094
0.22317 0.14721 0.40534 0.22428
0.33590 0.44935 0.15509 0.05966
0.32608 0.37508 0.15304 0.14581
0.16257 0.13858 0.20713 0.49173
0.06974 0.17745 0.18691 0.56590
0.30675 0.27711 0.14759 0.26855
0.21508 0.22043 0.26783 0.29666
0.19120 0.20325 0.09739 0.50816
0.32739 0.26056 0.28870 0.12335
0.15472 0.70131 0.01329 0.13068
0.22260 0.45038 0.12408 0.20294
0.10822 0.55397 0.21606 0.12176
0.33530 0.22404 0.08251 0.35815
0.08512 0.82226 0.00904 0.08357

>ZNF518B ZNF518B_motif2
0.39304 0.21371 0.31790 0.07535
0.16927 0.32689 0.09808 0.40577
0.37359 0.04534 0.38497 0.19610
0.10385 0.41499 0.19564 0.28552
0.13558 0.44664 0.03848 0.37930
0.22267 0.34136 0.26026 0.17572
0.20421 0.24865 0.01429 0.53285
0.40905 0.20213 0.01135 0.37747
0.00136 0.26223 0.16465 0.57176
0.31706 0.21656 0.37762 0.08875
0.04024 0.45263 0.06912 0.43801
0.06422 0.22574 0.09697 0.61308
0.51314 0.00102 0.06387 0.42196
0.10993 0.82836 0.04538 0.01632
0.03044 0.58698 0.16124 0.22134
0.54167 0.10113 0.09307 0.26412
0.36144 0.17311 0.35089 0.11456
0.10825 0.28814 0.22024 0.38337
0.02764 0.36921 0.38000 0.22315
0.09975 0.28423 0.59306 0.02296
0.10334 0.32947 0.02657 0.54061
0.45852 0.39698 0.01726 0.12724
0.04651 0.26876 0.06812 0.61662
0.64599 0.06321 0.28409 0.00670
0.10941 0.63390 0.07670 0.17999
0.27393 0.40118 0.05747 0.26742
0.53115 0.13265 0.08156 0.25464

>ZNF518B ZNF518B_motif3
0.30608 0.06608 0.01567 0.61216
0.43851 0.06507 0.38341 0.11302
0.12822 0.08636 0.27143 0.51399
0.37050 0.09335 0.16394 0.37222
0.82034 0.08284 0.08638 0.01045
0.32114 0.21687 0.46022 0.00177
0.13917 0.10218 0.71573 0.04293
0.26672 0.06141 0.49050 0.18137
0.34019 0.11441 0.32609 0.21931
0.10172 0.55103 0.05867 0.28859
0.11831 0.00162 0.48370 0.39637
0.16723 0.58415 0.00344 0.24518
0.00770 0.72433 0.03207 0.23590
0.08179 0.21373 0.43016 0.27432
0.05405 0.74151 0.07701 0.12743
0.11362 0.65840 0.19238 0.03560
0.20866 0.16270 0.42478 0.20386
0.15630 0.38675 0.24105 0.21590
0.06649 0.17457 0.24176 0.51718
0.12538 0.62692 0.02987 0.21783
0.41900 0.38094 0.03612 0.16394
0.00903 0.02924 0.36962 0.59211
0.48864 0.23938 0.21837 0.05361
0.18017 0.38318 0.14134 0.29531
0.37704 0.11750 0.09808 0.40738
0.18456 0.41120 0.15469 0.24955
0.01731 0.61077 0.25060 0.12132
0.04222 0.18195 0.51064 0.26519

>ZNF518B ZNF518B_motif4
0.14369 0.22963 0.51985 0.10683
0.35248 0.47189 0.07025 0.10538
0.47317 0.39021 0.13118 0.00543
0.00972 0.35540 0.01446 0.62042
0.25630 0.29919 0.36341 0.08111
0.10661 0.34229 0.50536 0.04574
0.23923 0.07236 0.36793 0.32048
0.22564 0.41555 0.24096 0.11785
0.06593 0.31117 0.46437 0.15852
0.09681 0.38240 0.42196 0.09884
0.43572 0.22049 0.04021 0.30358
0.32270 0.18747 0.25040 0.23943
0.08677 0.15622 0.02470 0.73232
0.53483 0.16081 0.25369 0.05066
0.48920 0.20819 0.03545 0.26716
0.15328 0.24712 0.00355 0.59605
0.15380 0.34077 0.22611 0.27931
0.11916 0.23208 0.27543 0.37333
0.16502 0.14897 0.56746 0.11855
0.28463 0.42052 0.17810 0.11674
0.11599 0.05486 0.55711 0.27205
0.69997 0.11003 0.01264 0.17736
0.60443 0.02198 0.26910 0.10449
0.10997 0.01739 0.69500 0.17763
0.12258 0.56148 0.28155 0.03439
0.00689 0.77751 0.18199 0.03361
0.16832 0.09211 0.19821 0.54136
0.10214 0.31648 0.54819 0.03319
0.53105 0.01471 0.12916 0.32507

>ZNF493 ZNF493_motif1
0.30728 0.64577 0.00765 0.03930
0.20972 0.11755 0.38456 0.28818
0.32370 0.04148 0.59266 0.04216
0.22394 0.01321 0.58173 0.18112
0.20061 0.36032 0.19323 0.24584
0.15790 0.07263 0.34648 0.42299
0.43295 0.40145 0.16075 0.00485
0.04243 0.29247 0.51064 0.15446
0.09318 0.30923 0.19518 0.40240
0.06135 0.58256 0.23154 0.12455
0.36191 0.14220 0.17414 0.32175
0.12250 0.19966 0.05203 0.62581
0.20873 0.25906 0.19442 0.33780
0.35275 0.55727 0.07804 0.01194
0.02574 0.35469 0.50327 0.11629
0.27507 0.30001 0.22640 0.19852
0.07725 0.31832 0.04337 0.56105
0.10101 0.42313 0.36171 0.11415
0.07917 0.17661 0.58574 0.15848
0.16855 0.08972 0.02129 0.72044

>ZNF493 ZNF493_motif2
0.08516 0.39657 0.07372 0.44454
0.04842 0.09198 0.59481 0.26479
0.37996 0.04334 0.44155 0.13515
0.10891 0.46682 0.19572 0.22855
0.04587 0.07469 0.62499 0.25446
0.00850 0.07212 0.60871 0.31066
0.16183 0.49317 0.26360 0.08140
0.20951 0.27925 0.43052 0.08072
0.40029 0.52399 0.02473 0.05099
0.02987 0.11038 0.49848 0.36127
0.07095 0.01125 0.69049 0.22731
0.55272 0.02669 0.09152 0.32908
0.08655 0.21187 0.33028 0.37131
0.29129 0.22059 0.47538 0.01274
0.70518 0.18649 0.10239 0.00594
0.17128 0.11352 0.38578 0.32942
0.42122 0.36210 0.13295 0.08373
0.24982 0.20732 0.28312 0.25974
0.44432 0.18667 0.22445 0.14455

>ZNF493 ZNF493_motif3
0.23112 0.34899 0.11678 0.30311
0.57777 0.31931 0.03105 0.07188
0.18481 0.21690 0.33602 0.26227
0.39307 0.02702 0.30453 0.27538
0.30389 0.35212 0.22036 0.12363
0.35110 0.32680 0.02462 0.29749
0.08922 0.00554 0.04021 0.86503
0.07832 0.01179 0.55919 0.35070
0.00882 0.78531 0.06553 0.14034
0.45196 0.00919 0.15008 0.38877

>ZNF493 ZNF493_motif4
0.25406 0.06657 0.28283 0.39654
0.55717 0.04018 0.00725 0.39540
0.29109 0.55086 0.07788 0.08017
0.57269 0.36012 0.05385 0.01334
0.37319 0.32064 0.22431 0.08187
0.19872 0.55517 0.00520 0.24092
0.40940 0.24064 0.28967 0.06029
0.10462 0.64919 0.17629 0.06990

>MYPOP MYPOP_motif1
0.02102 0.63961 0.03849 0.30088
0.08464 0.41624 0.45931 0.03981
0.27449 0.03848 0.13273 0.55429
0.72336 0.08663 0.18398 0.00603
0.08926 0.21665 0.28998 0.40411

>MYPOP MYPOP_motif2
0.22662 0.25704 0.00049 0.51586
0.06735 0.29213 0.04656 0.59396
0.04336 0.12513 0.77916 0.05235
0.12095 0.44139 0.05475 0.38291
0.01974 0.18214 0.73568 0.06245
0.40503 0.01984 0.01685 0.55828
0.13834 0.01371 0.44525 0.40270
0.31643 0.20050 0.30321 0.17985
0.09845 0.64425 0.22481 0.03249
0.04042 0.53473 0.38758 0.03727
0.09688 0.13006 0.29410 0.47896

>MYPOP MYPOP_motif3
0.13995 0.23791 0.60647 0.01566
0.59442 0.26396 0.01383 0.12779
0.75525 0.05921 0.13610 0.04945
0.19652 0.23262 0.56440 0.00646
0.39636 0.05192 0.03709 0.51463
0.47715 0.36836 0.09321 0.06128

>MYPOP MYPOP_motif4
0.61327 0.07758 0.05220 0.25695
0.19978 0.22739 0.55941 0.01342
0.11318 0.38796 0.02667 0.47220
0.00552 0.24271 0.41766 0.33411
0.54309 0.09308 0.29016 0.07368
0.24028 0.35974 0.04008 0.35990
0.12235 0.12005 0.30227 0.45534
0.28088 0.15020 0.34925 0.21968
0.00838 0.38770 0.22517 0.37875
0.05931 0.31054 0.30881 0.32133
0.41998 0.24782 0.15914 0.17306
0.48711 0.43729 0.06438 0.01122
0.21136 0.02638 0.60264 0.15963
0.02319 0.82085 0.15430 0.00166
0.09678 0.19804 0.17699 0.52819
0.16869 0.25602 0.46990 0.10539
0.23688 0.24270 0.45792 0.06250
0.38156 0.17021 0.02770 0.42053
0.32362 0.02621 0.02685 0.62332
0.46878 0.37958 0.06299 0.08865
0.32318 0.47605 0.16130 0.03946
0.17701 0.80035 0.00407 0.01857
0.08183 0.20404 0.60815 0.10598
0.49755 0.12168 0.25981 0.12096
0.18692 0.15815 0.39674 0.25819
0.26574 0.10356 0.22515 0.40555
0.24755 0.02396 0.29105 0.43744

>ZBTB47 ZBTB47_motif1
0.00498 0.30257 0.23485 0.45761
0.55965 0.00304 0.12182 0.31549
0.54696 0.24223 0.04810 0.16271
0.64565 0.26286 0.03435 0.05714
0.51351 0.03550 0.18414 0.26685
0.26885 0.14756 0.02826 0.55532
0.54160 0.04651 0.08890 0.32299
0.12622 0.19989 0.25869 0.41521
0.00932 0.40887 0.15128 0.43054
0.00246 0.10411 0.81007 0.08337
0.24387 0.36618 0.37340 0.01655
0.18740 0.12051 0.55372 0.13837
0.51745 0.07046 0.32871 0.08338
0.20991 0.34786 0.09756 0.34467
0.06489 0.10747 0.24207 0.58558
0.11032 0.65583 0.11629 0.11756
0.18368 0.27836 0.53438 0.00357
0.23557 0.11720 0.55396 0.09326
0.74129 0.00094 0.02834 0.22943
0.38451 0.42602 0.13495 0.05452
0.28834 0.41848 0.24483 0.04835
0.53970 0.19830 0.05315 0.20885
0.23747 0.05811 0.55825 0.14617
0.34439 0.36631 0.12265 0.16666

>ZBTB47 ZBTB47_motif2
0.63129 0.16857 0.02804 0.17209
0.41205 0.10506 0.08955 0.39334
0.12084 0.21162 0.32522 0.34232
0.02560 0.13638 0.81823 0.01979
0.20277 0.09636 0.30908 0.39178
0.11774 0.53373 0.22568 0.12286
0.51022 0.22858 0.06522 0.19598
0.19540 0.17275 0.11682 0.51503
0.43045 0.00866 0.21159 0.34930
0.06139 0.23895 0.63833 0.06133
0.56941 0.06490 0.08966 0.27603
0.31279 0.12443 0.25510 0.30768
0.10162 0.26052 0.56018 0.07768
0.49638 0.09200 0.30756 0.10406
0.41581 0.04425 0.45469 0.08525
0.11555 0.06725 0.56423 0.25297
0.26591 0.12129 0.08687 0.52593
0.17836 0.29591 0.04497 0.48077
0.01694 0.45373 0.22297 0.30636
0.04546 0.05744 0.38510 0.51199
0.17639 0.27948 0.00945 0.53469
0.59371 0.06811 0.18287 0.15532
0.68590 0.08035 0.23057 0.00319
0.47539 0.02131 0.04551 0.45779

>ZBTB47 ZBTB47_motif3
0.56874 0.03835 0.33160 0.06131
0.31411 0.34816 0.04282 0.29491
0.71426 0.12705 0.15867 0.00002
0.34348 0.15432 0.43711 0.06509
0.05322 0.18675 0.65726 0.10277
0.45138 0.02735 0.43458 0.08668
0.36302 0.06044 0.28987 0.28668
0.41149 0.26129 0.27101 0.05621
0.12835 0.51784 0.27849 0.07533
0.02028 0.11377 0.16779 0.69816
0.01578 0.45036 0.27238 0.26148
0.14784 0.25640 0.22461 0.37115
0.31815 0.11012 0.44536 0.12638
0.41901 0.09037 0.24916 0.24146
0.05465 0.10215 0.29524 0.54796
0.07014 0.75062 0.05770 0.12155
0.25906 0.30235 0.33923 0.09936
0.42546 0.28614 0.11046 0.17794
0.08783 0.06932 0.70426 0.13858
0.08819 0.05899 0.22517 0.62765
0.11652 0.64055 0.18596 0.05696
0.26989 0.13382 0.06988 0.52641
0.17715 0.01970 0.47045 0.33269
0.39815 0.06212 0.25180 0.28793
0.00163 0.42363 0.44041 0.13434
0.01634 0.64899 0.18025 0.15442
0.43789 0.16744 0.37337 0.02130
0.08420 0.42195 0.01685 0.47700

>ZBTB47 ZBTB47_motif4
0.23551 0.08292 0.57381 0.10776
0.31873 0.00098 0.37269 0.30760
0.07212 0.30772 0.53216 0.08800
0.34015 0.19175 0.20934 0.25876
0.06204 0.29710 0.31516 0.32570
0.11330 0.45622 0.12178 0.30871
0.04169 0.03535 0.51814 0.40482
0.31944 0.04024 0.59805 0.04227
0.23576 0.28395 0.08388 0.39641
0.09693 0.37125 0.40805 0.12376
0.06656 0.11336 0.69764 0.12244
0.15942 0.59460 0.19509 0.05089
0.69551 0.13025 0.12011 0.05413
0.22176 0.04502 0.62080 0.11242
0.07654 0.40721 0.21416 0.30210
0.13507 0.18300 0.10598 0.57595
0.22827 0.23070 0.39729 0.14375
0.44756 0.38527 0.15325 0.01391
0.09188 0.04131 0.78215 0.08466
0.20366 0.07484 0.64781 0.07369
0.16432 0.27633 0.20241 0.35693
0.38846 0.10043 0.46077 0.05035
0.55113 0.10944 0.07619 0.26324
0.05204 0.30605 0.16524 0.47667
0.24818 0.28049 0.22057 0.25077
0.02093 0.72491 0.18040 0.07377
0.30080 0.39562 0.04441 0.25916
0.77793 0.12264 0.08786 0.01158

>CREB3L3 CREB3L3_motif1
0.37247 0.09279 0.15871 0.37603
0.48234 0.36971 0.04147 0.10648
0.00501 0.77989 0.11630 0.09881
0.01388 0.34343 0.55940 0.08329
0.39393 0.10680 0.45589 0.04338
0.72342 0.06478 0.04361 0.16819
0.12268 0.43857 0.24970 0.18905
0.35255 0.08352 0.15016 0.41378
0.36900 0.39344 0.22680 0.01077
0.76102 0.09156 0.10573 0.04169
0.12063 0.32810 0.48387 0.06740
0.04661 0.11094 0.25193 0.59053
0.20920 0.22071 0.39428 0.17581
0.06163 0.26597 0.25309 0.41930
0.17475 0.59434 0.10690 0.12401
0.11185 0.30180 0.56621 0.02015
0.75695 0.07832 0.08164 0.08310
0.24598 0.36008 0.04222 0.35173
0.08816 0.46232 0.04537 0.40415
0.07735 0.57377 0.06155 0.28734
0.43391 0.01426 0.14518 0.40665

>CREB3L3 CREB3L3_motif2
0.08962 0.26799 0.30293 0.33946
0.29476 0.11640 0.25071 0.33814
0.47919 0.23009 0.17454 0.11618
0.32313 0.26811 0.40841 0.00034
0.28305 0.10459 0.07512 0.53723
0.19991 0.25183 0.28289 0.26537
0.01427 0.50530 0.21697 0.26346
0.15349 0.16623 0.06017 0.62011
0.12633 0.27320 0.07366 0.52681
0.08130 0.22932 0.45633 0.23305
0.31803 0.26217 0.11853 0.30127
0.11815 0.27754 0.59709 0.00722
0.05564 0.04303 0.56150 0.33984
0.22208 0.36723 0.35406 0.05663
0.12930 0.11839 0.21115 0.54116
0.19936 0.39389 0.33059 0.07615
0.03623 0.32373 0.10119 0.53885
0.29115 0.40958 0.24778 0.05150
0.15288 0.38642 0.45891 0.00178
0.09035 0.21764 0.67362 0.01839
0.45676 0.49631 0.03153 0.01540

>CREB3L3 CREB3L3_motif3
0.00680 0.39910 0.07613 0.51797
0.13119 0.20780 0.00498 0.65602
0.06698 0.03930 0.72999 0.16373
0.08531 0.19049 0.32303 0.40116
0.04717 0.19168 0.49357 0.26758
0.19987 0.41126 0.02575 0.36312
0.07120 0.01899 0.02562 0.88419
0.14925 0.31581 0.45807 0.07688
0.13642 0.29900 0.51070 0.05387
0.06655 0.43356 0.00858 0.49131
0.28984 0.36082 0.17167 0.17768
0.02292 0.08399 0.27675 0.61634
0.08017 0.27046 0.51540 0.13397
0.02134 0.28373 0.69030 0.00463
0.08308 0.20954 0.45274 0.25464
0.21526 0.49584 0.09537 0.19352
0.49709 0.02419 0.40781 0.07091
0.79658 0.06862 0.00676 0.12804
0.03230 0.32962 0.43806 0.20002

>CREB3L3 CREB3L3_motif4
0.17805 0.03788 0.70907 0.07501
0.42305 0.15159 0.39054 0.03482
0.02119 0.56312 0.16699 0.24870
0.44010 0.26567 0.05052 0.24371
0.19223 0.19600 0.29265 0.31912
0.19778 0.19654 0.27297 0.33271
0.18921 0.00035 0.49176 0.31867
0.27389 0.26917 0.37438 0.08255
0.38102 0.30923 0.13455 0.17520
0.63355 0.24768 0.07493 0.04385
0.31140 0.45301 0.02358 0.21201
0.25465 0.41762 0.29111 0.03662
0.01188 0.42562 0.10012 0.46238
0.07174 0.51082 0.25853 0.15890
0.49431 0.13763 0.08087 0.28719
0.20246 0.20481 0.05261 0.54012
0.59870 0.00577 0.07988 0.31564

>ZNF780B ZNF780B_motif1
0.03657 0.71026 0.07741 0.17576
0.13140 0.57915 0.21997 0.06948
0.00000 0.16103 0.79344 0.04552
0.33498 0.30322 0.01717 0.34463
0.31150 0.62792 0.00742 0.05315

>ZNF780B ZNF780B_motif2
0.10389 0.83573 0.04099 0.01940
0.05078 0.66406 0.08031 0.20485
0.01084 0.12313 0.09123 0.77480
0.10744 0.51351 0.01776 0.36130
0.64798 0.26427 0.06308 0.02467
0.13168 0.18967 0.19870 0.47995
0.28547 0.13923 0.43466 0.14064
0.15999 0.43744 0.09895 0.30362
0.60122 0.09958 0.05192 0.24728
0.64129 0.00328 0.33680 0.01863

>ZNF780B ZNF780B_motif3
0.23660 0.04166 0.48090 0.24084
0.05704 0.00283 0.21155 0.72857
0.40460 0.24004 0.20375 0.15162
0.18353 0.68223 0.12458 0.00967
0.09096 0.51706 0.13003 0.26195
0.57916 0.22132 0.09045 0.10908
0.06871 0.59492 0.12097 0.21541
0.66622 0.06896 0.02668 0.23814
0.37384 0.32491 0.05282 0.24843
0.05548 0.31302 0.58795 0.04355

>ZNF780B ZNF780B_motif4
0.14453 0.76250 0.01750 0.07548
0.28495 0.13872 0.55138 0.02495
0.45855 0.12684 0.24796 0.16665
0.43725 0.24582 0.10426 0.21267
0.28885 0.09915 0.28512 0.32689
0.30339 0.39400 0.15846 0.14415
0.03976 0.81641 0.01552 0.12830
0.00594 0.33179 0.64809 0.01418
0.36303 0.29474 0.13453 0.20771
0.54092 0.24269 0.17256 0.04383
0.01619 0.09023 0.64075 0.25283
0.59558 0.00649 0.08042 0.31751
0.14074 0.00285 0.63576 0.22065
0.68120 0.10140 0.19859 0.01882
0.22550 0.08547 0.13824 0.55078
0.49620 0.01275 0.39812 0.09292
0.12210 0.06798 0.12321 0.68670
0.06237 0.01996 0.52582 0.39185
0.20351 0.05287 0.37640 0.36721
0.39750 0.17305 0.35863 0.07082
0.02087 0.83883 0.00540 0.13490
0.11796 0.21499 0.05592 0.61113

>ZNF367 ZNF367_motif1
0.26223 0.16552 0.51669 0.05556
0.42333 0.06929 0.05916 0.44821
0.00106 0.01036 0.11125 0.87733
0.22169 0.52958 0.06227 0.18646
0.05839 0.13246 0.64367 0.16548

>ZNF367 ZNF367_motif2
0.49411 0.03681 0.43423 0.03485
0.35058 0.04203 0.26094 0.34645
0.01849 0.05185 0.05433 0.87533
0.01658 0.44774 0.00476 0.53092
0.07001 0.68706 0.14044 0.10249
0.43539 0.17045 0.16240 0.23176
0.00870 0.69700 0.10139 0.19292
0.24821 0.04438 0.30700 0.40041
0.04127 0.73674 0.20907 0.01292
0.03836 0.14584 0.18908 0.62672
0.26900 0.35622 0.07862 0.29616
0.12649 0.03013 0.80653 0.03685
0.02014 0.10190 0.54611 0.33184

>ZNF367 ZNF367_motif3
0.35760 0.00972 0.57951 0.05316
0.27898 0.02591 0.05534 0.63977
0.04372 0.18085 0.18098 0.59445
0.00491 0.55118 0.38185 0.06206
0.11793 0.05238 0.01972 0.80997
0.13066 0.14276 0.20548 0.52111
0.43156 0.02972 0.07316 0.46556

>ZNF367 ZNF367_motif4
0.14355 0.29958 0.21175 0.34513
0.03101 0.23779 0.66928 0.06192
0.46512 0.25212 0.26644 0.01632
0.04524 0.78164 0.12166 0.05147
0.27663 0.41814 0.01120 0.29402
0.44172 0.20576 0.02823 0.32430

>SP140L SP140L_motif1
0.31808 0.20590 0.44996 0.02605
0.30756 0.02997 0.14026 0.52221
0.11406 0.34317 0.12872 0.41406
0.28940 0.08741 0.59154 0.03165
0.07815 0.13782 0.22993 0.55410
0.69937 0.09904 0.07258 0.12900
0.24420 0.15752 0.03346 0.56482
0.79385 0.17182 0.00914 0.02520
0.00636 0.02388 0.55315 0.41661
0.33506 0.17306 0.24436 0.24752
0.00808 0.50216 0.11168 0.37808

>SP140L SP140L_motif2
0.02717 0.24911 0.69316 0.03057
0.01896 0.23815 0.20717 0.53571
0.14735 0.31788 0.00113 0.53364
0.29626 0.44505 0.24840 0.01029
0.26729 0.43572 0.00453 0.29246
0.14918 0.09429 0.04454 0.71198

>SP140L SP140L_motif3
0.37735 0.13047 0.08863 0.40355
0.08963 0.24415 0.66518 0.00104
0.07349 0.26687 0.23216 0.42749
0.49510 0.03804 0.26679 0.20007
0.35753 0.21200 0.32545 0.10502
0.24350 0.06915 0.48892 0.19843
0.25425 0.00556 0.64072 0.09947
0.33420 0.04859 0.21216 0.40505
0.51529 0.15937 0.30995 0.01539
0.05019 0.39263 0.49831 0.05886
0.37508 0.29131 0.16346 0.17015
0.18564 0.38519 0.13227 0.29691
0.00063 0.80270 0.13176 0.06491
0.55780 0.36398 0.03958 0.03864
0.25363 0.27349 0.07126 0.40161
0.07588 0.71667 0.20399 0.00346
0.37710 0.14529 0.21722 0.26039
0.08156 0.53477 0.07713 0.30654
0.07218 0.15323 0.54177 0.23282
0.25590 0.07450 0.18199 0.48761
0.19565 0.73390 0.04029 0.03016
0.33071 0.18750 0.14971 0.33208

>SP140L SP140L_motif4
0.43893 0.50580 0.01584 0.03943
0.31679 0.05116 0.21323 0.41882
0.72860 0.04903 0.05015 0.17222
0.25570 0.23846 0.38839 0.11745
0.16158 0.16878 0.02975 0.63989
0.25813 0.08629 0.08734 0.56824
0.17126 0.71921 0.03952 0.07001

>ZNF286B ZNF286B_motif1
0.52443 0.32658 0.04251 0.10647
0.61296 0.03210 0.23247 0.12247
0.12148 0.40619 0.07703 0.39531
0.05673 0.75430 0.08340 0.10558
0.46126 0.03598 0.18286 0.31990
0.12051 0.72948 0.10252 0.04749
0.12506 0.12900 0.48588 0.26006
0.33152 0.05870 0.25059 0.35919
0.29254 0.05897 0.52478 0.12371
0.36936 0.10935 0.50826 0.01304
0.42144 0.48085 0.02355 0.07416
0.32618 0.51904 0.05018 0.10460
0.06496 0.44948 0.40069 0.08487
0.25751 0.29747 0.32450 0.12053
0.27016 0.44985 0.05738 0.22260
0.00174 0.22833 0.75204 0.01789
0.14972 0.37167 0.43393 0.04468
0.11604 0.24798 0.49955 0.13644

>ZNF286B ZNF286B_motif2
0.47962 0.02012 0.45434 0.04592
0.22541 0.11858 0.19369 0.46232
0.27213 0.49618 0.13292 0.09876
0.49108 0.16144 0.23315 0.11433
0.09648 0.41287 0.05573 0.43492
0.00946 0.71458 0.01526 0.26071
0.11113 0.40249 0.19204 0.29434
0.41510 0.50312 0.00773 0.07405
0.04803 0.31801 0.45299 0.18096
0.09917 0.22591 0.55771 0.11721
0.20251 0.36479 0.10198 0.33072
0.78063 0.17086 0.00797 0.04054

>ZNF286B ZNF286B_motif3
0.14790 0.04904 0.59825 0.20480
0.75405 0.21650 0.02320 0.00624
0.70512 0.24715 0.00134 0.04639
0.35226 0.16126 0.44275 0.04373
0.38344 0.01378 0.12439 0.47839
0.17264 0.28126 0.12476 0.42134
0.46668 0.01820 0.37095 0.14417
0.00441 0.44563 0.44984 0.10012
0.19146 0.56011 0.14100 0.10743
0.09968 0.53207 0.18602 0.18223
0.25692 0.03498 0.31256 0.39554
0.53342 0.13652 0.12379 0.20627
0.38859 0.40579 0.12308 0.08254
0.03953 0.31502 0.46470 0.18076
0.39364 0.51085 0.06483 0.03067
0.00105 0.19397 0.37864 0.42634
0.10291 0.25032 0.50373 0.14304
0.30752 0.28563 0.29007 0.11678
0.15877 0.00091 0.02398 0.81634
0.52933 0.07410 0.18347 0.21310
0.30522 0.39692 0.19211 0.10576
0.05946 0.51239 0.17901 0.24914
0.20594 0.07871 0.02652 0.68883
0.05287 0.62996 0.30506 0.01211

>ZNF286B ZNF286B_motif4
0.21966 0.17363 0.51354 0.09318
0.08078 0.53899 0.01572 0.36451
0.26670 0.62653 0.10148 0.00529
0.12680 0.04340 0.32584 0.50395
0.04200 0.19046 0.63853 0.12902
0.14494 0.36314 0.04172 0.45020
0.32678 0.21764 0.17476 0.28082
0.02224 0.21302 0.63090 0.13384
0.34410 0.42657 0.10549 0.12383
0.51707 0.10519 0.02710 0.35065
0.03767 0.36293 0.08026 0.51914
0.08474 0.57152 0.10196 0.24178
0.01670 0.06349 0.35897 0.56084
0.57621 0.21346 0.10611 0.10421
0.12279 0.24258 0.07062 0.56401
0.72373 0.06989 0.16196 0.04442
0.01788 0.51041 0.25928 0.21243
0.54911 0.25459 0.08833 0.10797
0.27811 0.08346 0.46390 0.17454
0.06982 0.74856 0.08102 0.10060
0.12024 0.06833 0.72779 0.08364
0.11955 0.08473 0.48960 0.30612
0.16127 0.53367 0.07831 0.22675
0.44237 0.06736 0.27737 0.21290
0.40432 0.25723 0.25339 0.08506
0.00043 0.16619 0.52791 0.30548
0.49535 0.07323 0.29445 0.13697

>CAMTA1 CAMTA1_motif1
0.18258 0.22883 0.46976 0.11884
0.32304 0.15755 0.47396 0.04545
0.14269 0.06331 0.13611 0.65789
0.02355 0.46991 0.24956 0.25697
0.02402 0.24936 0.33938 0.38724
0.32489 0.41403 0.11410 0.14698
0.13179 0.56692 0.07209 0.22920
0.42898 0.28149 0.18122 0.10831
0.08458 0.20169 0.09750 0.61623
0.09126 0.04558 0.51186 0.35130
0.21870 0.00728 0.03688 0.73715
0.73914 0.02332 0.07168 0.16586
0.12546 0.01425 0.64712 0.21318

>CAMTA1 CAMTA1_motif2
0.10228 0.11172 0.42566 0.36034
0.05179 0.22241 0.33096 0.39484
0.04344 0.06324 0.72801 0.16532
0.17539 0.25267 0.18387 0.38807
0.22686 0.27705 0.06585 0.43024
0.35855 0.22016 0.13713 0.28416
0.13946 0.44027 0.26284 0.15743
0.31451 0.02137 0.24541 0.41871
0.32694 0.48669 0.01430 0.17207
0.76426 0.10681 0.09199 0.03694
0.19329 0.41667 0.26216 0.12788
0.29707 0.07283 0.23444 0.39566
0.40826 0.16047 0.13121 0.30006
0.29668 0.03259 0.02307 0.64766
0.18527 0.34327 0.16420 0.30726
0.31515 0.24817 0.04902 0.38765
0.16442 0.26219 0.18533 0.38806
0.48857 0.29199 0.15660 0.06284
0.72157 0.25970 0.01694 0.00179
0.61379 0.08761 0.27644 0.02215
0.09482 0.29181 0.45454 0.15884
0.37230 0.23966 0.08165 0.30640
0.36752 0.18771 0.16427 0.28050
0.05129 0.26287 0.21476 0.47108
0.57689 0.04344 0.01742 0.36225
0.16462 0.31391 0.50193 0.01954
0.32392 0.17951 0.22178 0.27479
0.20951 0.40675 0.12363 0.26011

>CAMTA1 CAMTA1_motif3
0.20907 0.63273 0.00731 0.15089
0.26870 0.23129 0.10808 0.39193
0.02622 0.48355 0.11947 0.37076
0.01059 0.41652 0.13701 0.43587
0.08922 0.59165 0.31586 0.00327
0.08812 0.53923 0.03307 0.33959
0.13854 0.10063 0.05013 0.71070
0.44622 0.14850 0.34184 0.06344
0.29118 0.17721 0.22660 0.30502
0.12332 0.36292 0.27291 0.24085
0.48756 0.23310 0.15905 0.12029
0.16603 0.09328 0.03217 0.70852
0.05520 0.29356 0.40983 0.24141
0.19743 0.23835 0.40822 0.15599
0.37625 0.38528 0.13317 0.10530
0.14056 0.72410 0.05817 0.07716
0.13831 0.35632 0.36549 0.13988
0.33727 0.15891 0.30918 0.19464
0.02488 0.09342 0.10030 0.78140
0.10521 0.08599 0.32218 0.48663
0.80587 0.02447 0.01874 0.15093
0.37796 0.13940 0.02672 0.45592
0.16210 0.24535 0.37381 0.21874
0.25336 0.22352 0.23745 0.28567
0.45149 0.12776 0.00137 0.41938
0.42809 0.10182 0.40246 0.06763
0.06720 0.22552 0.16515 0.54213
0.20832 0.04263 0.60333 0.14572
0.33287 0.58723 0.03986 0.04004

>CAMTA1 CAMTA1_motif4
0.12569 0.20509 0.10379 0.56544
0.00294 0.24500 0.33975 0.41232
0.32346 0.16055 0.18473 0.33126
0.19564 0.08080 0.21838 0.50518
0.23225 0.23831 0.10432 0.42511
0.26585 0.45804 0.16687 0.10923
0.09683 0.22969 0.38083 0.29266
0.35347 0.34005 0.02888 0.27760
0.00901 0.08103 0.83622 0.07373
0.19755 0.14654 0.05758 0.59833
0.16209 0.14092 0.62989 0.06710
0.26003 0.32511 0.12667 0.28819
0.01159 0.30688 0.30465 0.37689
0.36273 0.17464 0.17120 0.29144
0.07909 0.04864 0.80340 0.06888
0.07939 0.11026 0.23634 0.57400
0.54174 0.10550 0.30925 0.04351

>ZNF831 ZNF831_motif1
0.43350 0.18031 0.15093 0.23526
0.03341 0.30114 0.25565 0.40979
0.28514 0.03920 0.35740 0.31826
0.12979 0.25408 0.14252 0.47362
0.21053 0.20575 0.24919 0.33453
0.12782 0.28353 0.12427 0.46438
0.35398 0.40659 0.17574 0.06369
0.13427 0.35514 0.21568 0.29491
0.15307 0.42587 0.40001 0.02105
0.24652 0.44195 0.13045 0.18108
0.19081 0.13398 0.61463 0.06059

>ZNF831 ZNF831_motif2
0.04890 0.24989 0.59689 0.10431
0.49596 0.35760 0.03828 0.10817
0.18940 0.01065 0.07972 0.72024
0.20880 0.36785 0.22307 0.20028
0.41622 0.07525 0.14614 0.36239
0.08581 0.51906 0.12270 0.27243
0.08999 0.09949 0.44803 0.36249
0.36839 0.13574 0.08078 0.41509

>ZNF831 ZNF831_motif3
0.08133 0.63711 0.08369 0.19787
0.21878 0.31085 0.18380 0.28658
0.09695 0.18197 0.05620 0.66488
0.75111 0.01839 0.15514 0.07537
0.46556 0.08969 0.11294 0.33182
0.06491 0.64130 0.08679 0.20699
0.10346 0.05063 0.39797 0.44794
0.01424 0.06967 0.65783 0.25827
0.15649 0.20191 0.39093 0.25068
0.29497 0.01672 0.50308 0.18523
0.11765 0.85707 0.00831 0.01697
0.54727 0.16664 0.04778 0.23831
0.20410 0.28912 0.21320 0.29357
0.08802 0.45138 0.21699 0.24360
0.15510 0.30829 0.48273 0.05389
0.43285 0.14352 0.09614 0.32749
0.00309 0.16841 0.20770 0.62080
0.21656 0.38870 0.28454 0.11020
0.17479 0.00884 0.45464 0.36173
0.85373 0.08061 0.00747 0.05820
0.10023 0.36078 0.45842 0.08057
0.04400 0.40446 0.23184 0.31971
0.30412 0.28284 0.27611 0.13693
0.40325 0.05915 0.10832 0.42928
0.08764 0.16021 0.50232 0.24983
0.61790 0.22344 0.15423 0.00443
0.34679 0.34074 0.15883 0.15364
0.10306 0.46256 0.01310 0.42129

>ZNF831 ZNF831_motif4
0.04297 0.04916 0.24114 0.66672
0.23457 0.01853 0.66889 0.07801
0.41737 0.25777 0.12135 0.20351
0.33536 0.01589 0.51427 0.13449
0.07476 0.04410 0.40792 0.47322
0.21177 0.10571 0.32552 0.35700
0.45482 0.05372 0.15410 0.33737
0.34738 0.09519 0.31589 0.24153
0.33546 0.44679 0.07074 0.14702
0.24408 0.04631 0.24585 0.46376
0.12935 0.21920 0.43878 0.21267
0.77996 0.00649 0.05056 0.16300
0.40446 0.03125 0.11626 0.44803
0.17245 0.29192 0.50213 0.03350
0.23676 0.30655 0.15365 0.30304
0.20212 0.21436 0.03537 0.54816
0.02321 0.42260 0.10589 0.44830
0.34028 0.13010 0.41945 0.11016
0.12675 0.68572 0.15266 0.03487
0.26942 0.10608 0.25505 0.36946
0.43881 0.05028 0.31187 0.19904
0.24406 0.44306 0.13808 0.17480
0.13908 0.70350 0.09342 0.06399
0.01155 0.19331 0.11386 0.68128
0.18991 0.39073 0.33018 0.08918
0.20542 0.69076 0.04656 0.05726
0.10138 0.63135 0.14464 0.12263

>TPRX1 TPRX1_motif1
0.48992 0.13151 0.33733 0.04124
0.01909 0.06431 0.40507 0.51152
0.58695 0.16352 0.00675 0.24278
0.09397 0.39714 0.41768 0.09120
0.10699 0.23067 0.55195 0.11038
0.18195 0.10858 0.42033 0.28915
0.07655 0.01921 0.80886 0.09538
0.53904 0.15313 0.29489 0.01294
0.20237 0.63376 0.03397 0.12990
0.47708 0.25478 0.25360 0.01454

>TPRX1 TPRX1_motif2
0.44853 0.13921 0.17587 0.23638
0.18329 0.08394 0.46102 0.27175
0.30225 0.02400 0.01364 0.66011
0.09239 0.42390 0.37208 0.11163
0.25948 0.16531 0.35475 0.22047
0.39260 0.00382 0.26340 0.34017
0.69796 0.03325 0.01117 0.25762
0.20001 0.73751 0.02116 0.04132
0.35942 0.36466 0.10420 0.17172
0.39712 0.17338 0.16295 0.26654
0.11000 0.04154 0.16970 0.67876
0.58636 0.04268 0.13020 0.24077
0.51765 0.14922 0.29105 0.04208
0.06805 0.76525 0.01716 0.14955
0.02176 0.07845 0.48868 0.41111
0.04538 0.54660 0.38835 0.01967
0.04199 0.29491 0.24205 0.42105

>TPRX1 TPRX1_motif3
0.25338 0.54050 0.12999 0.07613
0.00413 0.26675 0.71820 0.01091
0.00781 0.31150 0.06757 0.61312
0.37855 0.32169 0.02174 0.27802
0.19054 0.07686 0.40713 0.32547
0.10232 0.35850 0.20969 0.32949
0.03985 0.71250 0.21864 0.02901
0.00912 0.17345 0.33987 0.47757
0.29084 0.18584 0.35557 0.16775
0.52883 0.23972 0.08032 0.15113
0.42188 0.05332 0.43548 0.08932
0.02490 0.20853 0.21851 0.54806
0.04230 0.54477 0.18135 0.23158
0.18111 0.71370 0.10228 0.00291
0.38377 0.19212 0.09286 0.33126
0.38195 0.53995 0.05596 0.02213
0.43041 0.13489 0.10856 0.32614
0.62359 0.29479 0.03161 0.05001
0.28900 0.04605 0.55903 0.10592
0.19064 0.48114 0.06567 0.26255
0.32964 0.14569 0.01785 0.50682
0.35730 0.36592 0.00796 0.26882

>TPRX1 TPRX1_motif4
0.07196 0.07991 0.50584 0.34229
0.08160 0.09283 0.34092 0.48465
0.10744 0.49413 0.02841 0.37001
0.25728 0.30231 0.30508 0.13533
0.20675 0.25881 0.10649 0.42795
0.56864 0.01063 0.20358 0.21714
0.04633 0.41929 0.07598 0.45840

>ZNF648 ZNF648_motif1
0.30433 0.31870 0.28652 0.09045
0.61554 0.15379 0.17231 0.05836
0.09021 0.58874 0.26296 0.05808
0.13034 0.82003 0.01866 0.03097
0.04700 0.34021 0.28347 0.32932
0.16312 0.65104 0.05337 0.13247
0.31234 0.32956 0.03655 0.32155
0.39303 0.33300 0.10016 0.17382
0.23610 0.28621 0.40142 0.07627
0.00499 0.37817 0.31930 0.29755
0.13041 0.62760 0.04395 0.19804
0.12357 0.23019 0.64575 0.00049
0.20768 0.43294 0.04841 0.31096
0.45248 0.12890 0.09743 0.32118
0.55829 0.05940 0.10298 0.27934
0.02919 0.45969 0.17402 0.33710
0.16067 0.31279 0.17934 0.34719
0.43188 0.19339 0.21394 0.16078
0.01150 0.17756 0.51965 0.29129
0.62313 0.04268 0.11719 0.21700
0.39185 0.39652 0.18987 0.02175
0.59909 0.31621 0.07230 0.01240
0.10955 0.48939 0.09761 0.30344
0.30369 0.13044 0.43333 0.13254
0.47194 0.02905 0.03685 0.46215
0.22247 0.10238 0.38949 0.28566

>ZNF648 ZNF648_motif2
0.62982 0.34327 0.01418 0.01273
0.04360 0.04713 0.78717 0.12210
0.12431 0.24361 0.26228 0.36980
0.72337 0.17366 0.08538 0.01760
0.14783 0.59657 0.17317 0.08243
0.07793 0.62086 0.11417 0.18703
0.09922 0.45574 0.17218 0.27286
0.35913 0.07387 0.01525 0.55175
0.70433 0.19009 0.04492 0.06067
0.19584 0.63819 0.05188 0.11409
0.53648 0.02337 0.36277 0.07737
0.36463 0.44247 0.04010 0.15280
0.31483 0.51038 0.02355 0.15124
0.39596 0.05467 0.03689 0.51248
0.19727 0.06323 0.09030 0.64920
0.05654 0.05581 0.23192 0.65572
0.73318 0.06954 0.00427 0.19301
0.27704 0.28890 0.08629 0.34777
0.03598 0.39574 0.27196 0.29632
0.04553 0.17391 0.10246 0.67810
0.24326 0.45042 0.24847 0.05786
0.15827 0.22224 0.12191 0.49758
0.58793 0.15228 0.24388 0.01591
0.15468 0.35748 0.34112 0.14672
0.33403 0.09974 0.26063 0.30560
0.03099 0.23834 0.37646 0.35420
0.29988 0.35633 0.01888 0.32491
0.09809 0.22293 0.59471 0.08427
0.02259 0.51313 0.17115 0.29313

>ZNF648 ZNF648_motif3
0.09977 0.11541 0.03031 0.75451
0.14526 0.12186 0.57413 0.15875
0.11734 0.39836 0.12705 0.35725
0.22622 0.02776 0.51177 0.23425
0.13571 0.21621 0.52547 0.12260
0.27662 0.10065 0.27140 0.35133
0.07083 0.13966 0.75494 0.03457
0.10184 0.01873 0.85905 0.02038
0.32758 0.34054 0.11881 0.21307
0.00652 0.59879 0.32510 0.06959
0.32457 0.47972 0.15419 0.04152
0.14220 0.04504 0.42218 0.39059
0.08380 0.16308 0.62297 0.13015
0.04998 0.04165 0.46372 0.44466
0.31742 0.02513 0.15482 0.50263
0.87583 0.05147 0.04483 0.02787
0.00013 0.00968 0.69576 0.29442

>ZNF648 ZNF648_motif4
0.16893 0.03550 0.59959 0.19598
0.21875 0.40195 0.28548 0.09382
0.10214 0.29482 0.51091 0.09213
0.08408 0.73562 0.14327 0.03703
0.45836 0.04129 0.41115 0.08920
0.60745 0.00475 0.03231 0.35550
0.04600 0.65270 0.09856 0.20274
0.14646 0.07759 0.69996 0.07598
0.63076 0.09708 0.26984 0.00233
0.33350 0.10526 0.25502 0.30622
0.40737 0.27044 0.30865 0.01354
0.07507 0.03928 0.63796 0.24769
0.05884 0.60659 0.13172 0.20285

>GCM1 GCM1_motif1
0.13842 0.47149 0.04270 0.34739
0.14002 0.40975 0.13497 0.31526
0.16801 0.38819 0.24514 0.19866
0.04346 0.35900 0.30695 0.29059
0.11264 0.62108 0.19036 0.07592
0.04560 0.14569 0.16096 0.64774
0.50906 0.12209 0.28209 0.08677
0.51449 0.25442 0.20399 0.02710
0.00162 0.55878 0.05253 0.38707
0.00279 0.50790 0.47661 0.01270
0.33743 0.34221 0.01263 0.30773
0.16342 0.27999 0.10419 0.45241
0.35453 0.12397 0.14567 0.37583
0.37640 0.49638 0.02226 0.10496
0.40333 0.06042 0.17467 0.36158
0.51602 0.09536 0.01132 0.37729
0.59991 0.27370 0.07951 0.04689
0.32862 0.11383 0.24441 0.31314
0.04618 0.10746 0.66510 0.18126
0.41190 0.30822 0.06407 0.21581
0.11043 0.23376 0.50639 0.14941
0.12430 0.73797 0.06722 0.07052
0.15666 0.17961 0.58313 0.08059
0.07002 0.27838 0.07747 0.57413
0.49609 0.27280 0.06255 0.16856
0.34431 0.09402 0.28261 0.27906

>GCM1 GCM1_motif2
0.06817 0.04086 0.49983 0.39113
0.02283 0.20596 0.69261 0.07860
0.11600 0.34414 0.01532 0.52454
0.10480 0.39221 0.35034 0.15264
0.04613 0.45063 0.01496 0.48828
0.56060 0.28280 0.12393 0.03267
0.23860 0.50560 0.21311 0.04269
0.47133 0.25093 0.12040 0.15734
0.10211 0.05824 0.75934 0.08031
0.04639 0.20907 0.39665 0.34789
0.44728 0.20513 0.16497 0.18261
0.33270 0.09569 0.46060 0.11101
0.06367 0.16553 0.26101 0.50979
0.21327 0.35131 0.22788 0.20754
0.25621 0.26299 0.41993 0.06086
0.17702 0.13996 0.06247 0.62055
0.25417 0.03199 0.08704 0.62681
0.80488 0.02914 0.05292 0.11306
0.03777 0.27885 0.08322 0.60015
0.04084 0.29721 0.59941 0.06254
0.07437 0.72078 0.14621 0.05864
0.03281 0.61736 0.28879 0.06104
0.07929 0.04052 0.81477 0.06541
0.09219 0.34662 0.52443 0.03676
0.10704 0.07993 0.09938 0.71364
0.01658 0.03012 0.36936 0.58394
0.46589 0.12869 0.30311 0.10231
0.05970 0.55450 0.25647 0.12933
0.04616 0.72578 0.06419 0.16387

>GCM1 GCM1_motif3
0.09297 0.33903 0.25546 0.31254
0.47727 0.35569 0.03121 0.13583
0.15874 0.21387 0.24830 0.37909
0.22505 0.36923 0.05397 0.35175
0.79229 0.16034 0.00232 0.04505
0.14584 0.15975 0.31616 0.37825
0.21231 0.09852 0.60195 0.08722
0.11808 0.40633 0.15005 0.32553
0.06643 0.73227 0.00950 0.19179
0.09673 0.46086 0.35241 0.09000
0.12418 0.06449 0.31627 0.49506
0.32607 0.21340 0.22040 0.24014
0.03235 0.86932 0.05164 0.04669
0.60954 0.12657 0.10143 0.16245
0.05278 0.01773 0.13589 0.79360

>GCM1 GCM1_motif4
0.36854 0.08718 0.26246 0.28182
0.63598 0.19777 0.13876 0.02749
0.16488 0.21860 0.01621 0.60031
0.13491 0.14572 0.67811 0.04126
0.09604 0.49365 0.23216 0.17815
0.49080 0.01594 0.31094 0.18232
0.12579 0.11657 0.40459 0.35305
0.10269 0.12676 0.10210 0.66845
0.51556 0.17121 0.13941 0.17382

>MYF6 MYF6_motif1
0.53427 0.25758 0.16284 0.04532
0.04393 0.38543 0.37489 0.19576
0.01222 0.22325 0.45393 0.31060
0.31890 0.09588 0.54635 0.03887
0.45817 0.06507 0.45096 0.02580
0.13947 0.02815 0.61994 0.21244
0.06522 0.20400 0.33706 0.39372
0.21609 0.06148 0.27944 0.44299
0.16247 0.25647 0.34121 0.23985
0.08386 0.24005 0.56643 0.10967
0.55728 0.23476 0.00724 0.20072
0.13597 0.26560 0.52160 0.07683
0.00326 0.26974 0.70240 0.02460
0.31957 0.18086 0.25535 0.24422
0.29151 0.30551 0.04362 0.35936
0.09072 0.02222 0.19469 0.69237
0.12261 0.07624 0.39586 0.40528
0.31030 0.48245 0.20267 0.00457
0.11722 0.27593 0.46155 0.14530
0.27926 0.30852 0.41003 0.00219

>MYF6 MYF6_motif2
0.68383 0.05390 0.19770 0.06457
0.26029 0.07496 0.01877 0.64597
0.27092 0.35358 0.28103 0.09448
0.39676 0.08587 0.46257 0.05480
0.13639 0.06442 0.30170 0.49750
0.47150 0.22591 0.05060 0.25199
0.45356 0.12660 0.13606 0.28378
0.18944 0.63343 0.13791 0.03921
0.33920 0.43242 0.15340 0.07499
0.09340 0.03970 0.44033 0.42657
0.32982 0.30935 0.14899 0.21185
0.27594 0.59536 0.06026 0.06844
0.03089 0.31853 0.44721 0.20337
0.67714 0.06073 0.24168 0.02045
0.40572 0.51419 0.01197 0.06812

>MYF6 MYF6_motif3
0.76273 0.06935 0.11228 0.05564
0.24514 0.17509 0.39245 0.18732
0.24308 0.16966 0.09958 0.48768
0.16705 0.75483 0.05743 0.02069
0.09036 0.08650 0.15372 0.66942
0.23408 0.26479 0.45367 0.04747
0.42945 0.10776 0.04408 0.41871
0.04530 0.02711 0.56631 0.36129
0.33581 0.42820 0.12097 0.11502
0.41875 0.48135 0.00128 0.09863
0.30028 0.31050 0.28876 0.10047
0.38492 0.04079 0.07606 0.49822
0.60245 0.19996 0.17538 0.02221
0.45179 0.16575 0.28177 0.10069
0.11460 0.18769 0.03526 0.66246
0.07450 0.06275 0.31931 0.54344
0.48208 0.42846 0.06144 0.02802
0.25831 0.03724 0.41537 0.28907
0.39661 0.22618 0.06684 0.31036
0.39657 0.20540 0.01790 0.38013
0.07543 0.39548 0.39814 0.13095
0.25204 0.01840 0.71885 0.01071
0.48588 0.14180 0.20426 0.16807
0.36459 0.01635 0.05359 0.56547
0.08695 0.59853 0.02091 0.29360
0.01192 0.18506 0.53222 0.27080
0.35444 0.18708 0.28562 0.17286

>MYF6 MYF6_motif4
0.45104 0.07722 0.29893 0.17282
0.34834 0.15698 0.26519 0.22949
0.76778 0.18193 0.04769 0.00260
0.22399 0.10772 0.58257 0.08572
0.31613 0.00271 0.44933 0.23183
0.22179 0.42065 0.07241 0.28515
0.57966 0.41068 0.00173 0.00793
0.20951 0.26216 0.46298 0.06536
0.18684 0.08550 0.45499 0.27267
0.49199 0.20725 0.02061 0.28016
0.17476 0.23805 0.21205 0.37514
0.07402 0.25679 0.14448 0.52471
0.27949 0.21736 0.25531 0.24785
0.19421 0.45508 0.18507 0.16565

>ZBED5 ZBED5_motif1
0.24813 0.09445 0.14643 0.51100
0.59309 0.00781 0.30857 0.09053
0.44143 0.08520 0.20233 0.27104
0.04286 0.66037 0.14728 0.14949
0.06713 0.48319 0.05491 0.39478
0.06550 0.49083 0.31354 0.13013
0.10081 0.25471 0.43418 0.21030
0.11393 0.48402 0.02824 0.37382
0.20070 0.10083 0.20917 0.48931
0.34223 0.20092 0.40875 0.04809
0.07475 0.30746 0.58734 0.03045
0.17184 0.25426 0.06819 0.50571
0.58217 0.23590 0.07683 0.10510
0.56517 0.13511 0.04746 0.25226
0.01867 0.54649 0.00558 0.42927
0.30801 0.48381 0.00493 0.20325
0.04293 0.29130 0.01969 0.64609
0.45981 0.30473 0.07985 0.15561
0.38759 0.11795 0.03627 0.45819
0.03402 0.20868 0.54330 0.21400

>ZBED5 ZBED5_motif2
0.54385 0.05255 0.12392 0.27967
0.32247 0.32654 0.25483 0.09616
0.58414 0.27028 0.11348 0.03210
0.00404 0.77300 0.00745 0.21551
0.05898 0.25529 0.39909 0.28664
0.19871 0.48918 0.10619 0.20593

>ZBED5 ZBED5_motif3
0.25258 0.02814 0.23370 0.48558
0.00815 0.26724 0.51951 0.20511
0.36327 0.03922 0.31818 0.27934
0.08331 0.30537 0.32318 0.28814
0.13734 0.18699 0.18603 0.48964
0.15411 0.09755 0.00152 0.74682
0.08632 0.00390 0.06258 0.84720
0.08704 0.14755 0.26116 0.50425
0.23227 0.17908 0.10307 0.48558
0.26769 0.02113 0.54951 0.16167
0.72341 0.03641 0.04017 0.20001
0.54333 0.20814 0.08859 0.15994
0.04063 0.45379 0.42573 0.07985
0.10779 0.19757 0.42641 0.26824

>ZBED5 ZBED5_motif4
0.19809 0.09763 0.08786 0.61641
0.45124 0.20303 0.11353 0.23220
0.09286 0.49658 0.34966 0.06090
0.32802 0.05750 0.17502 0.43946
0.35777 0.12531 0.02497 0.49196
0.17038 0.39908 0.08421 0.34633
0.13554 0.19525 0.12591 0.54330
0.01636 0.03726 0.82648 0.11991
0.48930 0.02901 0.04869 0.43300
0.01884 0.23613 0.70045 0.04457
0.11278 0.03506 0.70839 0.14377
0.34104 0.15172 0.17043 0.33681
0.43720 0.21647 0.08109 0.26524
0.11261 0.18413 0.13063 0.57264
0.15165 0.04013 0.21189 0.59633
0.12681 0.04226 0.66822 0.16271
0.07379 0.00648 0.08629 0.83343
0.04495 0.27113 0.28659 0.39733
0.11067 0.06552 0.74149 0.08232

>ZNF500 ZNF500_motif1
0.64197 0.03138 0.10527 0.22137
0.02713 0.60642 0.05795 0.30850
0.38616 0.26032 0.32293 0.03058
0.13838 0.03924 0.54914 0.27324
0.22324 0.25990 0.06472 0.45214
0.03629 0.01354 0.69239 0.25778
0.20442 0.43820 0.23649 0.12089
0.24432 0.10560 0.50984 0.14025
0.22988 0.27852 0.45100 0.04060
0.11470 0.06577 0.18703 0.63250
0.07294 0.75653 0.07198 0.09855
0.59702 0.12313 0.05361 0.22624
0.27290 0.16951 0.07526 0.48233
0.53366 0.44258 0.00521 0.01854
0.15355 0.01444 0.36041 0.47160

>ZNF500 ZNF500_motif2
0.09912 0.23290 0.52644 0.14155
0.35002 0.20583 0.31763 0.12651
0.29126 0.11231 0.53114 0.06528
0.37752 0.28089 0.06012 0.28147
0.14607 0.33570 0.35495 0.16328
0.05373 0.77090 0.04663 0.12874
0.29504 0.44973 0.04574 0.20949
0.62518 0.23133 0.01034 0.13315
0.59160 0.20363 0.07497 0.12980
0.36532 0.42460 0.00255 0.20754
0.32201 0.60133 0.00711 0.06955
0.01552 0.20963 0.61762 0.15723
0.23832 0.06461 0.27225 0.42481
0.09968 0.04631 0.47319 0.38083
0.60898 0.22507 0.07711 0.08884
0.42758 0.00657 0.41470 0.15114
0.38264 0.55395 0.04426 0.01915
0.14839 0.05530 0.55634 0.23997
0.35185 0.20201 0.05098 0.39516

>ZNF500 ZNF500_motif3
0.00261 0.16335 0.54804 0.28600
0.06416 0.15643 0.19963 0.57978
0.03502 0.35094 0.29372 0.32032
0.09100 0.07542 0.50149 0.33209
0.23647 0.55959 0.04847 0.15547
0.00373 0.20416 0.71227 0.07984
0.06766 0.01971 0.61923 0.29339
0.13392 0.53025 0.05892 0.27691
0.26374 0.01623 0.44962 0.27041
0.09447 0.42034 0.34200 0.14320
0.36963 0.52600 0.07438 0.02999
0.19465 0.43435 0.09513 0.27587
0.23761 0.53430 0.22681 0.00127
0.08567 0.39980 0.09598 0.41854

>ZNF500 ZNF500_motif4
0.11655 0.16887 0.31535 0.39923
0.32912 0.09426 0.05917 0.51744
0.62451 0.25787 0.04459 0.07303
0.27668 0.10432 0.47373 0.14527
0.10503 0.19958 0.00288 0.69250
0.57989 0.04110 0.33503 0.04398
0.06065 0.06281 0.34889 0.52765
0.38236 0.45758 0.11884 0.04123
0.17634 0.74009 0.02565 0.05792
0.24653 0.11938 0.17064 0.46344
0.61819 0.05687 0.06283 0.26211
0.10151 0.52209 0.22245 0.15395
0.10566 0.13475 0.69413 0.06545
0.20213 0.53622 0.05555 0.20610
0.57863 0.09362 0.08694 0.24081
0.03665 0.15061 0.06169 0.75104
0.49861 0.05116 0.35921 0.09102
0.39747 0.11675 0.33304 0.15275
0.01820 0.40532 0.17488 0.40160
0.37500 0.23425 0.35258 0.03817
0.62885 0.01668 0.21579 0.13868
0.05060 0.03756 0.73829 0.17355
0.12273 0.06593 0.65451 0.15683

>MSANTD1 MSANTD1_motif1
0.50474 0.00720 0.09941 0.38865
0.39397 0.04275 0.53848 0.02479
0.00836 0.70120 0.24097 0.04948
0.03378 0.78305 0.07836 0.10480
0.45736 0.00300 0.52606 0.01358
0.00288 0.02970 0.82627 0.14115
0.28114 0.54692 0.14945 0.02249
0.11987 0.15536 0.53516 0.18961
0.60828 0.09400 0.24590 0.05182
0.70859 0.01563 0.04019 0.23558
0.62588 0.01424 0.29655 0.06333
0.20708 0.20555 0.44145 0.14593
0.05605 0.58839 0.26932 0.08625
0.20327 0.11941 0.05612 0.62120
0.06087 0.13558 0.28139 0.52216
0.05142 0.37844 0.33403 0.23611
0.01753 0.25530 0.39219 0.33497
0.31578 0.16936 0.24219 0.27267

>MSANTD1 MSANTD1_motif2
0.28293 0.14807 0.38879 0.18022
0.22373 0.50025 0.25160 0.02442
0.17783 0.12960 0.39571 0.29685
0.01404 0.44464 0.31896 0.22236
0.01640 0.29330 0.53270 0.15760
0.67642 0.00205 0.25242 0.06911
0.61307 0.18855 0.14733 0.05105
0.52671 0.04564 0.09695 0.33070
0.46837 0.32293 0.10992 0.09878
0.01398 0.56765 0.20030 0.21807
0.05931 0.43778 0.31443 0.18847
0.00823 0.34556 0.13800 0.50821
0.11975 0.18721 0.68947 0.00357
0.44749 0.06160 0.22988 0.26103
0.03281 0.01940 0.40504 0.54275
0.00405 0.01513 0.62048 0.36034
0.53524 0.12044 0.20231 0.14201
0.03719 0.63859 0.14289 0.18133
0.46616 0.33322 0.00632 0.19430
0.20656 0.48556 0.03855 0.26933
0.06514 0.82263 0.05777 0.05446
0.18541 0.01407 0.42436 0.37616
0.38851 0.07876 0.14394 0.38878
0.11048 0.79313 0.09238 0.00402
0.08203 0.70943 0.20314 0.00541
0.02001 0.04677 0.88846 0.04477
0.24540 0.03370 0.15537 0.56554

>MSANTD1 MSANTD1_motif3
0.24107 0.02109 0.47235 0.26549
0.17092 0.25599 0.38271 0.19037
0.12917 0.05838 0.36726 0.44520
0.01483 0.63652 0.19338 0.15527
0.13094 0.28700 0.28004 0.30202
0.21951 0.05139 0.68687 0.04223
0.03508 0.17843 0.50930 0.27719
0.00908 0.05123 0.16442 0.77527
0.47475 0.16020 0.19185 0.17320
0.39845 0.34841 0.22273 0.03041
0.11209 0.29171 0.48622 0.10998
0.50988 0.05710 0.29109 0.14193
0.06331 0.29838 0.52645 0.11185
0.06660 0.18219 0.50893 0.24229
0.81280 0.09317 0.02793 0.06610
0.00960 0.07107 0.16877 0.75056
0.52496 0.07888 0.24942 0.14674
0.16560 0.00188 0.39006 0.44245
0.02801 0.73759 0.19433 0.04006
0.13288 0.76184 0.08631 0.01897
0.79892 0.06496 0.01039 0.12572
0.12886 0.40856 0.29268 0.16989
0.05260 0.52163 0.31713 0.10864
0.03766 0.67639 0.18167 0.10429
0.49272 0.17000 0.01596 0.32132
0.01395 0.71778 0.01103 0.25725
0.24429 0.00426 0.62592 0.12554
0.54581 0.13175 0.29725 0.02519
0.22069 0.09731 0.01520 0.66680

>MSANTD1 MSANTD1_motif4
0.54009 0.29481 0.14765 0.01745
0.22556 0.06258 0.63699 0.07487
0.26244 0.21233 0.28102 0.24421
0.01109 0.47304 0.43326 0.08261
0.63184 0.17469 0.02934 0.16413
0.23664 0.22816 0.19271 0.34249
0.10351 0.33327 0.30689 0.25633
0.21775 0.19757 0.57829 0.00639
0.13105 0.03367 0.22171 0.61357
0.00716 0.16340 0.32865 0.50079
0.04981 0.15860 0.57301 0.21858
0.73076 0.12246 0.13462 0.01216
0.31560 0.01350 0.51849 0.15241

>ZNF721 ZNF721_motif1
0.47978 0.12565 0.07511 0.31947
0.12009 0.05586 0.29877 0.52528
0.34466 0.24612 0.29169 0.11752
0.33028 0.00859 0.44788 0.21325
0.09197 0.04263 0.34539 0.52000
0.00615 0.06361 0.00297 0.92727
0.34427 0.22134 0.02209 0.41231
0.57932 0.12777 0.16316 0.12975
0.25176 0.10077 0.46524 0.18224
0.14237 0.02444 0.29956 0.53363
0.09145 0.60447 0.18102 0.12307
0.14641 0.27437 0.03677 0.54245
0.22409 0.08870 0.68025 0.00695
0.52875 0.09661 0.25856 0.11609
0.09091 0.40462 0.33265 0.17183
0.41517 0.15958 0.41673 0.00852
0.09416 0.29959 0.26377 0.34248
0.22845 0.40539 0.33990 0.02626
0.43989 0.24832 0.17169 0.14010
0.48376 0.01104 0.42549 0.07972
0.26728 0.06868 0.07700 0.58703
0.66161 0.13420 0.04845 0.15574

>ZNF721 ZNF721_motif2
0.16041 0.13003 0.26900 0.44056
0.34691 0.15430 0.46831 0.03047
0.26986 0.63661 0.01724 0.07630
0.20191 0.07703 0.35263 0.36843
0.09144 0.19006 0.30969 0.40881
0.77526 0.02995 0.10145 0.09334
0.16544 0.00804 0.70899 0.11753
0.34323 0.18364 0.32888 0.14425
0.07795 0.86342 0.00170 0.05693
0.21255 0.07014 0.55423 0.16308
0.15701 0.14028 0.03844 0.66428
0.02047 0.29616 0.52585 0.15752
0.12821 0.60791 0.08238 0.18150
0.02872 0.05740 0.34872 0.56516
0.11846 0.26267 0.45798 0.16089
0.48097 0.30153 0.14860 0.06890
0.24692 0.17098 0.01114 0.57096

>ZNF721 ZNF721_motif3
0.72020 0.01013 0.13427 0.13539
0.48673 0.00681 0.44685 0.05961
0.33189 0.38038 0.20713 0.08060
0.09965 0.73188 0.05292 0.11555
0.09429 0.52817 0.13804 0.23950
0.25373 0.20810 0.01151 0.52667
0.61566 0.13979 0.09873 0.14582
0.04915 0.53338 0.30308 0.11439
0.27680 0.23908 0.23387 0.25025
0.32818 0.30832 0.11942 0.24408
0.28251 0.21221 0.43170 0.07359
0.45589 0.20465 0.19574 0.14373
0.02253 0.30132 0.65582 0.02033
0.13212 0.06074 0.10049 0.70664
0.20861 0.11689 0.50158 0.17292

>ZNF721 ZNF721_motif4
0.48726 0.11401 0.38538 0.01335
0.37408 0.03141 0.52174 0.07277
0.15314 0.03013 0.20280 0.61393
0.24768 0.11347 0.08887 0.54999
0.17741 0.37920 0.33401 0.10938
0.25978 0.06610 0.26960 0.40452
0.34143 0.15440 0.36591 0.13826
0.24058 0.09957 0.05318 0.60667
0.05366 0.11081 0.20810 0.62742
0.14085 0.33566 0.01256 0.51093
0.18542 0.07339 0.45141 0.28978
0.08068 0.08942 0.17468 0.65522
0.85090 0.01150 0.03390 0.10369
0.76766 0.12064 0.02309 0.08862
0.02015 0.58260 0.29071 0.10654
0.08769 0.43682 0.19062 0.28487
0.03870 0.27756 0.05688 0.62687

>SALL3 SALL3_motif1
0.08357 0.31875 0.04227 0.55541
0.08655 0.20510 0.37440 0.33395
0.29263 0.06967 0.21097 0.42673
0.26483 0.08955 0.60289 0.04273
0.20843 0.37872 0.26554 0.14732
0.03825 0.16778 0.38814 0.40583
0.02550 0.21962 0.38418 0.37071
0.50044 0.02095 0.28545 0.19315
0.13509 0.27470 0.46412 0.12609
0.31041 0.05445 0.40807 0.22707
0.07306 0.26971 0.49695 0.16027
0.03166 0.33364 0.16611 0.46858
0.02431 0.14989 0.80500 0.02079

>SALL3 SALL3_motif2
0.60583 0.27454 0.03512 0.08451
0.16054 0.59578 0.22739 0.01629
0.22223 0.23945 0.19724 0.34108
0.14892 0.36528 0.25678 0.22902
0.53292 0.00594 0.25173 0.20940
0.45727 0.08075 0.30805 0.15392
0.30516 0.52478 0.12160 0.04846
0.06662 0.75607 0.05231 0.12501
0.09905 0.07920 0.23081 0.59094
0.20048 0.55703 0.15742 0.08506
0.22603 0.03617 0.28057 0.45722
0.64467 0.25572 0.05724 0.04237
0.20299 0.50386 0.06084 0.23232
0.24512 0.52764 0.18316 0.04408
0.35096 0.30368 0.06738 0.27798
0.30509 0.46304 0.08056 0.15132
0.15954 0.21824 0.05574 0.56649
0.38188 0.14704 0.07549 0.39560
0.67430 0.01615 0.25551 0.05404

>SALL3 SALL3_motif3
0.36473 0.26083 0.29021 0.08423
0.04815 0.32840 0.05459 0.56885
0.04211 0.26924 0.06921 0.61945
0.22508 0.24503 0.23320 0.29670
0.06733 0.59341 0.14906 0.19021
0.01054 0.72285 0.03697 0.22964
0.36097 0.35759 0.08259 0.19885
0.10742 0.12827 0.03075 0.73356
0.26241 0.20572 0.51372 0.01815
0.12648 0.04637 0.21622 0.61092
0.31226 0.49234 0.17422 0.02118
0.40724 0.05757 0.20503 0.33016
0.00322 0.08484 0.27196 0.63998
0.09595 0.30253 0.13799 0.46354
0.02437 0.62128 0.06043 0.29392
0.42204 0.11429 0.02542 0.43825
0.32129 0.33847 0.01257 0.32767
0.03352 0.11454 0.14365 0.70828
0.34498 0.13199 0.11805 0.40498
0.12184 0.07453 0.37564 0.42799

>SALL3 SALL3_motif4
0.52963 0.40817 0.02209 0.04011
0.10785 0.49171 0.14494 0.25550
0.58231 0.15519 0.10432 0.15819
0.04606 0.20475 0.40900 0.34019
0.21168 0.06521 0.56105 0.16206
0.01297 0.44532 0.23755 0.30416
0.04886 0.19728 0.65756 0.09630
0.34222 0.01099 0.49170 0.15509
0.44168 0.25079 0.09517 0.21236
0.01976 0.72357 0.01813 0.23854
0.78239 0.19397 0.02054 0.00310
0.12394 0.26723 0.32395 0.28487
0.19433 0.07001 0.27842 0.45724
0.39574 0.01094 0.21344 0.37988
0.15088 0.39003 0.02045 0.43864

>ZFTA ZFTA_motif1
0.11949 0.30869 0.01327 0.55856
0.04493 0.41396 0.33702 0.20408
0.52603 0.08017 0.16242 0.23138
0.34168 0.03948 0.21217 0.40668
0.35879 0.11655 0.35853 0.16613
0.24164 0.12753 0.51689 0.11395
0.08726 0.39484 0.35662 0.16128
0.44472 0.03846 0.49626 0.02056
0.00977 0.14855 0.13192 0.70976
0.07178 0.30593 0.28747 0.33482
0.07663 0.49990 0.35329 0.07018
0.63692 0.14666 0.07858 0.13785
0.04028 0.65563 0.03578 0.26831
0.16343 0.17508 0.02440 0.63709
0.24207 0.04038 0.48159 0.23596
0.16382 0.02881 0.02327 0.78410
0.11169 0.38875 0.07177 0.42779
0.86301 0.05777 0.03591 0.04332

>ZFTA ZFTA_motif2
0.06247 0.01360 0.59579 0.32814
0.02548 0.36508 0.39812 0.21132
0.02357 0.20997 0.26780 0.49866
0.31149 0.36007 0.00310 0.32534
0.05805 0.43129 0.00868 0.50197
0.45799 0.09097 0.27296 0.17807

>ZFTA ZFTA_motif3
0.40342 0.45483 0.00528 0.13647
0.49178 0.12613 0.13284 0.24925
0.22992 0.11350 0.25928 0.39730
0.19568 0.23500 0.47945 0.08986
0.15577 0.50610 0.03262 0.30550
0.17128 0.56616 0.18842 0.07414
0.56802 0.20546 0.02100 0.20552
0.47548 0.45969 0.04890 0.01593
0.85748 0.06909 0.06423 0.00920
0.09294 0.00265 0.30794 0.59647
0.20375 0.07304 0.40611 0.31710
0.04895 0.22896 0.38449 0.33760
0.14166 0.21689 0.29120 0.35024
0.10616 0.11493 0.09985 0.67906
0.12569 0.22451 0.33816 0.31164
0.18538 0.16174 0.58835 0.06453
0.71556 0.03794 0.12523 0.12127
0.17219 0.44426 0.07421 0.30934
0.59564 0.10770 0.01256 0.28410
0.12174 0.20183 0.23837 0.43806
0.24032 0.01805 0.50368 0.23795
0.60307 0.12837 0.22976 0.03880
0.45838 0.42696 0.10823 0.00642
0.07155 0.45940 0.43308 0.03597
0.12849 0.21817 0.27582 0.37753
0.02570 0.64772 0.02260 0.30398
0.05267 0.28069 0.03778 0.62886
0.35865 0.04547 0.41006 0.18583
0.34050 0.23872 0.08860 0.33218

>ZFTA ZFTA_motif4
0.41719 0.19809 0.23839 0.14633
0.03738 0.48551 0.41246 0.06466
0.15418 0.15920 0.29380 0.39282
0.62429 0.03473 0.26454 0.07645
0.08356 0.58595 0.29788 0.03262
0.30562 0.41215 0.07790 0.20432
0.30371 0.08271 0.51680 0.09679

>LEUTX LEUTX_motif1
0.47451 0.07566 0.31251 0.13732
0.06198 0.68052 0.00630 0.25120
0.16721 0.00423 0.82043 0.00813
0.21439 0.19839 0.21500 0.37223
0.24811 0.07971 0.23868 0.43349
0.39350 0.36503 0.18298 0.05848
0.43913 0.04677 0.22801 0.28609
0.26010 0.36345 0.33769 0.03877
0.01981 0.46657 0.34910 0.16452
0.24687 0.09816 0.04204 0.61293
0.22630 0.40634 0.01373 0.35362
0.33501 0.14304 0.09386 0.42809
0.06151 0.27513 0.35469 0.30867
0.25448 0.04558 0.14423 0.55571
0.41548 0.01312 0.19947 0.37193
0.51137 0.05520 0.09744 0.33599
0.06457 0.23204 0.13032 0.57307
0.12081 0.25077 0.50648 0.12193
0.33133 0.46514 0.04265 0.16089
0.18118 0.21279 0.23893 0.36710
0.12033 0.04059 0.11696 0.72212
0.36268 0.01708 0.23332 0.38692
0.32784 0.21690 0.15622 0.29904
0.61030 0.10130 0.11401 0.17439
0.45705 0.29041 0.12998 0.12256
0.25827 0.36425 0.22152 0.15596

>LEUTX LEUTX_motif2
0.11134 0.06710 0.62025 0.20130
0.06682 0.45699 0.42774 0.04845
0.28646 0.19625 0.50415 0.01313
0.41038 0.05497 0.36365 0.17100
0.04124 0.39067 0.12638 0.44171
0.03183 0.51429 0.37516 0.07871
0.09707 0.16715 0.48728 0.24850
0.19974 0.00543 0.62949 0.16534
0.35843 0.07551 0.35775 0.20832
0.12603 0.21545 0.33719 0.32133
0.15262 0.25981 0.09852 0.48904
0.32325 0.60296 0.01626 0.05754
0.04023 0.63811 0.26528 0.05638
0.68763 0.04330 0.07126 0.19781
0.03243 0.32858 0.19681 0.44218
0.20178 0.03251 0.49991 0.26580
0.20841 0.52304 0.02216 0.24640
0.00875 0.08458 0.39441 0.51226
0.65814 0.21139 0.07411 0.05637
0.23868 0.23926 0.23973 0.28232
0.04502 0.28363 0.52400 0.14735
0.37852 0.29313 0.30975 0.01859
0.33315 0.29526 0.31379 0.05781
0.26204 0.00656 0.53163 0.19977
0.32026 0.36811 0.14403 0.16761

>LEUTX LEUTX_motif3
0.09011 0.51506 0.15811 0.23672
0.21007 0.04341 0.58351 0.16301
0.35493 0.07953 0.14804 0.41750
0.14719 0.17391 0.06399 0.61492
0.10630 0.79045 0.07722 0.02603
0.15867 0.67389 0.10569 0.06174
0.11645 0.24283 0.58923 0.05149
0.12369 0.63520 0.16310 0.07801
0.68206 0.00156 0.17120 0.14518
0.47587 0.00556 0.48457 0.03400
0.51737 0.33844 0.03884 0.10536
0.08098 0.15337 0.01561 0.75004
0.06853 0.32730 0.44509 0.15908
0.13954 0.54980 0.16199 0.14867
0.01013 0.31299 0.01031 0.66657
0.14287 0.10904 0.24467 0.50343
0.17176 0.16281 0.25492 0.41052
0.28437 0.12324 0.18748 0.40491
0.04023 0.32289 0.40210 0.23478
0.14348 0.67487 0.12877 0.05288
0.29553 0.15307 0.50639 0.04501
0.00099 0.53125 0.16340 0.30436
0.20774 0.23433 0.51575 0.04218

>LEUTX LEUTX_motif4
0.44203 0.11723 0.14062 0.30012
0.03355 0.20786 0.39280 0.36579
0.16566 0.05228 0.39993 0.38214
0.17548 0.02116 0.07423 0.72914
0.08673 0.56134 0.15756 0.19438
0.58461 0.09883 0.19191 0.12465
0.18828 0.01260 0.41552 0.38359
0.04160 0.08675 0.12958 0.74208
0.18848 0.30583 0.21368 0.29201
0.03190 0.49861 0.30405 0.16544
0.05122 0.20875 0.06375 0.67627
0.06434 0.10554 0.63530 0.19483
0.04443 0.05812 0.27909 0.61835
0.26581 0.19095 0.41217 0.13106
0.00133 0.21812 0.64778 0.13278
0.35534 0.04139 0.50339 0.09988
0.35043 0.05570 0.15669 0.43717
0.57552 0.21592 0.06508 0.14348
0.61090 0.14286 0.07052 0.17571
0.44350 0.14821 0.00376 0.40452
0.05643 0.48540 0.29615 0.16202
0.34593 0.36208 0.08147 0.21052
0.08945 0.38367 0.29400 0.23288
0.05615 0.03076 0.69262 0.22047
0.16622 0.34388 0.42667 0.06322

>ZNF20 ZNF20_motif1
0.02234 0.80383 0.16227 0.01157
0.67702 0.00055 0.16467 0.15775
0.05843 0.56212 0.25844 0.12101
0.18470 0.12457 0.39626 0.29446
0.21496 0.42728 0.30509 0.05267
0.15011 0.56198 0.03659 0.25133
0.33119 0.19546 0.04658 0.42678
0.09765 0.03725 0.63665 0.22845
0.17863 0.17077 0.52871 0.12189
0.14439 0.25622 0.04966 0.54972
0.41829 0.09901 0.16406 0.31863
0.39574 0.28550 0.07161 0.24715
0.15405 0.64507 0.15015 0.05073
0.29859 0.19857 0.00737 0.49546
0.36082 0.42913 0.13487 0.07518
0.01910 0.27043 0.50237 0.20810
0.64767 0.12270 0.22837 0.00126
0.10865 0.50165 0.20657 0.18313
0.09077 0.03221 0.74671 0.13032
0.15961 0.20086 0.15280 0.48673
0.32292 0.00157 0.33033 0.34519
0.14665 0.01570 0.64925 0.18840
0.47853 0.13268 0.10342 0.28537
0.20199 0.12288 0.45329 0.22185
0.74323 0.10597 0.13733 0.01347
0.36945 0.31172 0.03312 0.28571
0.09682 0.25183 0.26143 0.38992

>ZNF20 ZNF20_motif2
0.39337 0.40044 0.08145 0.12474
0.08613 0.23028 0.67132 0.01227
0.64746 0.00986 0.14618 0.19650
0.50565 0.28665 0.09315 0.11456
0.33569 0.41247 0.15423 0.09761
0.11320 0.13094 0.10522 0.65064
0.36064 0.09012 0.06471 0.48453
0.52226 0.12876 0.34302 0.00595
0.25171 0.19727 0.48056 0.07046
0.19953 0.35072 0.09818 0.35157
0.45778 0.03986 0.47822 0.02415
0.08751 0.85440 0.04607 0.01202
0.22228 0.17556 0.38246 0.21970
0.08075 0.00542 0.09737 0.81646
0.19202 0.02533 0.74982 0.03282
0.16629 0.66458 0.05867 0.11047
0.14238 0.25548 0.01786 0.58427

>ZNF20 ZNF20_motif3
0.15286 0.09866 0.73820 0.01028
0.03851 0.15008 0.60787 0.20355
0.09005 0.23381 0.12909 0.54705
0.35967 0.12733 0.24666 0.26634
0.79494 0.08739 0.08135 0.03632
0.38490 0.06035 0.51788 0.03687
0.68554 0.03619 0.19086 0.08741

>ZNF20 ZNF20_motif4
0.44828 0.42113 0.12204 0.00854
0.70923 0.18460 0.04371 0.06247
0.39407 0.42987 0.03339 0.14267
0.05705 0.56410 0.12409 0.25476
0.03055 0.18218 0.33877 0.44851
0.20965 0.13969 0.41506 0.23560
0.08148 0.16933 0.29171 0.45749
0.38088 0.21952 0.13016 0.26944
0.13121 0.08735 0.08616 0.69528
0.57781 0.40409 0.00858 0.00951
0.13317 0.22933 0.26785 0.36966
0.29568 0.21140 0.36076 0.13216
0.22440 0.41478 0.12377 0.23705
0.57710 0.24693 0.10723 0.06874
0.20328 0.33709 0.27407 0.18556
0.42980 0.04307 0.46783 0.05930
0.44587 0.03421 0.49213 0.02779
0.78364 0.07004 0.14162 0.00470
0.04958 0.63774 0.04113 0.27154
0.23543 0.09135 0.28236 0.39087
0.20429 0.16795 0.40507 0.22268
0.00004 0.28434 0.41810 0.29751
0.09714 0.29428 0.05484 0.55375
0.21563 0.01725 0.56877 0.19835
0.05229 0.36717 0.24497 0.33557
0.34068 0.00580 0.13946 0.51406
0.61543 0.21694 0.16145 0.00618
0.11629 0.09889 0.49943 0.28539
0.34537 0.16126 0.04156 0.45181

